0 6
0 39
1 32
2 13
3 10
4 10
5 26
5 9
6 24
7 32
8 39
9 26
9 10
10 30
10 10
11 34
11 26
12 25
13 34
14 39
14 10
15 39
15 10
16 30
17 22
18 9
19 38
20 26
21 9
22 25
22 26
23 38
24 29
25 30
26 26
26 9
27 39
28 26
29 25
30 3
31 26
32 38
33 32
34 26
34 20
35 29
36 30
37 26
38 6
39 34
40 24
41 9
42 26
42 8
43 26
44 20
45 34
46 38
46 26
47 39
47 10
48 38
48 26
49 25
50 39
51 38
52 34
53 22
54 0
55 0
55 13
55 20
56 25
57 24
57 26
58 38
58 26
58 10
59 38
60 34
60 26
61 26
62 26
62 22
63 11
63 25
63 26
64 10
65 9
66 26
67 29
68 24
69 39
70 34
70 39
71 33
71 9
72 39
73 26
74 38
75 34
76 39
77 26
77 10
78 26
79 10
80 32
81 11
81 26
82 38
83 20
84 26
84 30
85 6
86 26
87 38
88 26
88 30
89 29
89 25
90 0
90 20
91 8
92 39
92 25
93 26
94 26
95 25
95 26
96 34
97 29
98 39
99 38
100 24
100 10
101 25
101 26
102 24
103 38
104 9
104 10
105 24
105 26
106 29
106 26
106 20
107 26
107 10
108 24
108 26
109 32
110 34
111 26
112 20
113 32
114 20
115 25
116 26
117 39
118 26
119 32
120 34
121 29
122 21
122 20
123 39
124 25
124 26
125 34
125 26
126 26
127 24
128 38
128 26
129 39
130 26
131 34
132 34
133 26
133 22
134 6
135 9
136 13
136 26
136 20
137 39
138 11
138 26
139 34
140 24
141 8
142 29
142 39
143 26
144 26
145 38
145 26
146 29
146 25
147 26
148 34
149 26
149 10
150 24
151 26
152 11
153 25
154 39
154 26
154 22
155 26
155 10
156 10
157 39
158 29
159 26
159 10
160 25
160 26
161 26
162 20
163 29
163 39
164 38
165 3
166 3
167 24
167 26
168 22
169 34
170 25
170 22
171 26
171 10
172 29
173 11
173 26
174 34
175 9
176 26
177 25
178 30
179 30
180 38
181 26
182 38
182 39
183 25
184 26
185 25
186 22
187 26
188 34
189 26
189 10
190 26
190 10
191 32
191 10
192 34
193 24
193 26
194 3
194 26
194 8
195 34
196 38
197 13
198 24
199 38
200 38
201 26
201 10
202 10
203 10
204 34
205 29
206 26
206 10
207 30
208 34
209 9
210 25
211 26
211 8
211 20
212 26
213 30
214 29
214 25
215 39
216 0
217 26
217 10
218 0
219 38
220 34
220 10
221 25
222 25
223 26
224 34
225 9
226 25
227 24
228 38
229 26
229 22
229 10
230 39
231 39
232 24
232 26
232 10
233 32
234 24
235 30
236 29
237 24
238 26
239 24
239 25
240 34
241 3
242 38
243 38
244 26
244 30
245 20
246 10
247 32
248 25
249 38
249 39
250 32
251 26
252 9
253 13
253 26
254 9
255 26
256 34
257 38
258 29
258 26
259 24
260 38
260 10
261 24
261 10
262 26
262 22
263 34
264 38
265 25
265 26
266 6
266 26
267 25
268 24
269 27
270 29
270 26
271 38
272 29
272 26
272 20
273 25
274 39
274 9
275 38
276 34
277 13
278 24
279 34
279 39
280 32
281 38
282 26
283 11
284 25
284 26
285 28
286 13
287 32
288 26
289 26
290 38
291 11
292 11
293 26
294 26
295 24
295 25
295 26
295 10
296 16
297 29
298 26
299 29
300 24
301 26
302 9
303 34
304 29
305 0
305 39
305 9
306 26
307 34
308 39
309 29
310 39
310 25
311 25
312 38
313 20
314 32
315 9
316 26
317 11
318 10
319 34
320 26
321 34
322 25
323 38
324 26
324 10
325 11
325 25
325 26
326 0
327 0
328 27
329 26
330 39
331 25
332 26
333 26
334 39
334 26
335 38
336 11
337 25
337 26
338 32
338 10
339 25
339 26
340 0
341 39
341 26
342 25
343 34
344 26
345 34
345 26
346 11
346 16
347 25
348 11
349 9
350 26
351 34
352 20
353 8
354 3
355 13
356 30
357 39
358 32
358 26
359 30
360 26
361 26
362 24
363 39
364 26
365 38
365 26
366 25
367 26
368 39
369 9
370 25
371 25
372 28
372 10
373 25
374 34
375 29
376 39
377 29
378 9
379 25
380 39
381 39
381 26
382 38
382 26
383 29
383 25
383 10
384 26
385 26
386 24
387 9
387 10
388 26
388 10
389 38
390 39
391 34
392 29
392 26
392 9
393 6
393 26
394 34
395 11
395 25
396 30
397 22
398 39
399 24
399 26
400 38
401 3
402 26
402 10
403 29
404 26
404 10
405 24
406 39
407 10
408 13
408 26
409 38
409 26
410 26
410 9
411 34
412 39
413 26
413 22
414 38
415 34
415 26
416 39
416 26
416 9
417 32
417 10
418 38
418 26
419 26
419 9
420 26
421 39
421 26
422 30
423 30
424 26
425 30
426 10
427 11
428 37
428 26
429 24
430 24
430 26
430 10
431 29
431 26
432 0
433 34
434 38
434 26
435 0
436 25
437 29
438 11
439 26
440 26
441 13
442 26
443 39
443 26
444 0
444 13
444 26
444 20
445 11
445 26
445 20
446 39
447 34
448 20
449 26
450 34
451 26
451 10
452 38
453 38
453 26
454 24
454 26
455 39
456 10
457 38
457 26
458 39
459 22
460 39
461 26
462 26
462 10
463 26
464 10
465 39
466 38
467 26
468 9
469 25
469 26
470 29
471 26
472 39
473 34
473 26
474 26
475 25
476 29
477 30
478 24
479 20
480 25
481 34
482 39
483 10
484 26
485 11
485 25
486 10
487 6
487 26
488 38
488 26
489 38
490 34
490 26
491 22
492 26
493 34
494 10
495 39
496 8
497 24
497 26
498 26
498 9
499 9
500 38
500 26
501 34
501 26
502 39
502 22
503 26
504 30
505 39
506 30
507 26
508 24
509 26
510 25
510 26
511 34
512 26
512 10
513 38
514 30
514 10
515 38
516 26
517 38
518 29
519 30
520 27
521 38
522 8
522 20
523 39
523 26
524 26
525 8
526 24
527 26
527 16
528 26
528 10
529 26
530 39
531 26
532 38
532 10
533 32
534 32
535 34
535 39
536 29
536 26
537 32
537 26
538 26
538 10
539 0
540 38
541 22
542 38
543 26
544 29
544 26
545 11
546 29
546 26
547 22
547 20
548 34
548 26
549 30
550 25
551 6
552 26
553 3
554 16
555 26
556 34
556 26
557 38
557 26
558 26
559 26
560 38
561 6
561 26
562 34
562 26
563 26
564 0
565 26
566 26
567 39
568 30
569 34
570 8
571 25
572 21
573 39
574 26
575 26
576 29
576 25
577 39
578 26
579 26
580 6
581 0
582 32
583 34
584 24
585 29
585 26
586 26
586 22
586 20
587 26
588 38
589 26
590 39
591 39
592 22
593 26
594 26
595 26
596 39
596 9
597 34
598 34
598 26
599 3
600 11
601 34
602 26
603 22
604 34
604 20
605 34
605 10
606 38
607 38
608 38
609 38
610 39
610 26
611 9
612 34
613 11
613 26
614 34
615 29
616 27
617 26
617 22
618 22
619 26
620 26
620 22
621 10
622 30
623 38
623 26
623 9
624 30
625 39
626 9
627 29
627 26
628 34
629 9
630 26
630 9
631 29
632 38
633 10
634 39
634 26
635 38
636 25
637 38
638 8
639 38
640 27
641 38
642 34
643 26
643 10
644 34
645 29
646 38
647 29
648 25
649 30
650 26
651 34
652 8
653 26
654 38
654 26
655 29
656 34
656 26
657 32
658 26
659 30
660 8
661 26
662 13
663 39
663 26
664 26
665 38
666 38
667 29
668 24
668 26
668 10
669 26
669 30
670 29
671 26
672 30
673 20
674 38
674 26
675 26
676 32
677 10
678 10
679 26
680 29
680 26
681 10
682 38
683 29
684 39
685 20
686 11
686 26
686 16
687 39
688 25
689 25
690 21
691 29
692 29
693 24
694 29
694 26
694 10
695 38
696 26
697 30
698 38
699 29
700 26
700 10
701 38
701 26
702 9
703 39
704 39
705 26
706 34
707 26
708 11
709 29
710 38
710 26
711 25
712 26
713 24
714 20
715 26
716 10
717 10
718 27
718 30
718 10
719 20
720 26
721 10
722 38
723 39
724 13
725 25
725 26
726 38
726 0
727 25
728 16
729 26
730 26
731 9
732 34
732 26
733 32
734 30
734 10
735 3
736 39
737 39
737 26
738 30
739 39
740 20
741 24
742 26
743 29
743 26
744 32
745 38
746 6
746 10
747 26
748 26
749 25
749 26
750 34
751 29
752 26
753 32
754 30
755 13
756 11
756 26
757 38
758 39
759 30
760 10
761 34
762 25
762 26
763 11
764 13
765 39
766 39
766 26
767 34
768 38
768 26
769 34
769 39
770 32
770 26
771 38
771 26
772 39
773 39
774 24
775 28
775 26
775 10
776 24
777 13
778 39
779 38
780 26
781 39
782 26
783 10
784 11
785 38
786 27
786 26
787 22
788 26
789 39
790 26
790 9
791 38
791 39
792 29
792 26
793 10
794 11
794 26
795 3
796 34
796 26
797 38
798 32
799 10
800 26
801 29
802 29
803 26
803 10
804 10
805 38
806 24
807 26
808 30
809 29
809 26
809 8
810 26
811 38
812 11
812 26
813 26
813 30
814 26
814 30
815 6
816 39
817 11
818 39
819 38
820 32
821 30
822 38
823 25
823 26
824 39
825 10
826 27
827 10
828 22
829 26
829 9
830 24
831 26
832 30
833 25
833 26
834 11
834 26
835 22
836 3
837 38
838 38
838 26
838 9
839 39
840 39
840 26
841 10
842 22
843 38
844 9
845 29
846 26
847 30
848 26
849 26
850 32
851 38
851 26
852 3
853 29
854 26
854 16
855 29
855 26
856 39
857 16
858 26
859 32
859 26
860 38
861 26
861 10
862 39
862 26
863 26
863 16
864 39
864 26
865 20
866 38
867 39
868 38
869 39
870 34
871 29
872 34
873 30
874 9
875 29
876 25
877 34
878 39
878 26
878 10
879 10
880 29
881 39
882 25
882 26
883 30
884 24
884 10
885 29
886 38
887 29
888 24
888 26
888 10
889 11
890 22
891 3
892 29
892 26
893 38
893 10
894 39
895 29
896 38
897 0
898 38
899 26
900 20
901 29
902 10
903 38
903 26
904 30
905 26
905 30
906 32
907 26
908 10
909 28
909 10
910 26
911 39
912 26
913 26
914 39
915 38
916 28
917 26
918 30
919 10
920 24
920 26
921 6
922 25
923 10
924 30
925 38
925 10
926 38
927 34
927 10
928 26
929 26
929 10
930 39
930 26
931 22
932 27
932 26
933 34
933 25
934 29
935 29
935 26
936 26
937 29
938 38
938 26
939 34
940 39
941 39
942 26
943 10
944 29
945 38
946 22
947 34
947 10
948 9
949 32
950 10
951 26
951 10
952 34
953 34
954 34
955 29
955 22
956 32
956 26
957 10
958 8
959 38
960 34
961 26
961 30
962 29
963 3
964 8
965 38
965 26
966 26
966 10
967 38
968 39
969 26
970 32
971 24
971 26
972 26
973 26
974 29
975 32
976 9
977 26
978 38
978 30
979 26
980 22
981 39
982 29
983 32
983 26
984 38
984 10
985 26
986 11
986 26
987 30
988 39
989 39
990 39
991 26
992 6
993 26
994 39
994 26
995 29
996 29
996 26
997 34
998 38
998 0
999 26
1000 22
1001 25
1002 38
1003 22
1004 29
1005 26
1006 13
1007 9
1008 22
1009 20
1010 34
1011 26
1012 26
1013 32
1014 26
1015 39
1016 10
1017 39
1018 29
1019 25
1019 26
1020 20
1021 39
1021 26
1022 26
1023 27
1024 25
1025 32
1026 11
1026 26
1027 39
1028 25
1028 26
1029 26
1030 30
1031 26
1032 29
1032 26
1033 26
1033 10
1034 30
1035 39
1036 26
1036 9
1037 29
1037 11
1038 26
1038 10
1039 26
1040 26
1041 20
1042 26
1043 16
1044 29
1044 25
1044 10
1045 25
1046 38
1046 26
1047 0
1047 30
1048 38
1048 26
1049 29
1049 11
1050 26
1050 10
1051 34
1052 26
1052 9
1053 26
1054 39
1054 26
1055 26
1056 38
1057 34
1057 22
1058 39
1058 26
1059 34
1060 38
1060 26
1061 3
1061 20
1062 6
1062 26
1063 26
1063 30
1064 26
1065 25
1066 39
1066 26
1066 9
1067 39
1068 29
1069 29
1069 26
1070 25
1071 10
1072 29
1073 25
1074 25
1075 25
1076 26
1077 30
1078 26
1079 26
1080 20
1081 11
1082 24
1082 26
1083 29
1083 26
1084 6
1085 38
1085 26
1086 34
1087 26
1088 11
1089 38
1090 34
1090 26
1091 34
1092 38
1093 32
1094 26
1094 16
1095 25
1095 26
1096 38
1096 26
1097 38
1098 26
1099 20
1100 24
1101 22
1102 38
1102 26
1103 10
1104 25
1104 26
1105 29
1106 11
1107 11
1108 39
1109 26
1110 38
1110 26
1111 39
1112 28
1112 10
1113 39
1114 38
1114 26
1115 39
1115 26
1116 26
1117 29
1118 25
1119 30
1120 26
1120 9
1121 25
1122 26
1122 9
1123 29
1124 11
1124 26
1125 38
1126 34
1127 38
1128 24
1129 30
1129 10
1130 28
1131 20
1132 30
1133 26
1134 26
1134 10
1135 38
1135 26
1136 29
1136 34
1137 20
1138 27
1139 26
1139 22
1140 29
1140 26
1141 22
1142 32
1143 10
1144 38
1145 28
1146 38
1146 24
1147 11
1148 25
1148 26
1148 20
1149 34
1150 24
1151 25
1151 26
1152 39
1152 26
1153 20
1154 38
1155 34
1155 26
1156 29
1157 25
1158 8
1159 39
1160 26
1161 11
1162 34
1163 39
1164 22
1165 32
1166 9
1167 26
1168 3
1169 39
1169 26
1170 25
1171 34
1172 30
1173 39
1174 38
1174 39
1175 26
1175 30
1176 11
1177 38
1178 3
1178 20
1179 9
1180 20
1181 38
1182 32
1182 10
1183 38
1183 26
1184 34
1185 25
1186 26
1187 9
1188 39
1189 29
1190 13
1191 27
1191 30
1192 25
1193 6
1194 39
1194 22
1195 24
1196 0
1197 25
1197 26
1198 26
1199 25
1199 26
1200 38
1201 8
1202 39
1203 38
1204 26
1204 10
1205 25
1205 26
1206 11
1207 26
1208 13
1209 34
1209 26
1210 38
1211 24
1212 26
1213 34
1213 26
1214 13
1214 39
1215 22
1216 24
1217 26
1217 22
1218 39
1219 13
1219 26
1220 22
1221 38
1222 39
1223 25
1224 38
1225 0
1226 38
1227 26
1227 10
1228 38
1229 24
1230 11
1230 26
1231 10
1232 26
1233 34
1234 39
1235 25
1235 26
1236 20
1237 26
1238 34
1239 38
1239 26
1240 32
1241 26
1242 39
1243 38
1243 29
1244 0
1244 26
1245 29
1245 26
1246 20
1247 29
1248 26
1249 34
1250 26
1251 38
1251 26
1252 10
1253 39
1254 11
1255 34
1255 26
1255 10
1256 26
1257 29
1258 8
1259 38
1259 26
1260 0
1260 25
1260 26
1260 20
1261 29
1262 34
1263 38
1264 20
1265 34
1265 26
1266 34
1267 34
1267 39
1268 26
1269 29
1270 26
1271 34
1272 10
1273 26
1274 34
1274 26
1275 26
1275 9
1276 30
1276 10
1277 24
1277 10
1278 3
1279 25
1279 10
1280 26
1280 20
1281 26
1282 39
1283 29
1284 26
1284 9
1285 25
1286 34
1287 29
1288 26
1289 10
1290 38
1291 38
1292 32
1292 26
1293 32
1293 26
1294 32
1295 28
1295 26
1295 10
1296 30
1297 38
1297 0
1298 10
1299 38
1299 26
1299 10
1300 24
1301 26
1301 10
1302 3
1303 29
1303 26
1304 13
1305 26
1306 39
1307 39
1307 9
1308 29
1309 27
1310 26
1311 10
1312 30
1312 10
1313 7
1313 22
1313 20
1314 24
1315 29
1315 26
1315 9
1316 39
1316 26
1317 22
1318 29
1318 25
1318 26
1319 34
1320 38
1321 26
1321 9
1322 26
1323 26
1323 10
1323 16
1324 22
1325 25
1326 29
1327 28
1327 10
1328 3
1329 34
1330 26
1330 30
1331 38
1332 29
1333 10
1334 26
1334 10
1335 22
1336 8
1336 20
1337 26
1338 38
1338 26
1339 28
1339 26
1340 25
1341 39
1341 25
1341 26
1342 39
1343 6
1344 39
1345 29
1346 24
1346 10
1347 8
1348 29
1349 25
1350 8
1350 20
1351 0
1352 26
1353 29
1354 38
1355 0
1356 34
1356 26
1357 34
1358 38
1359 26
1360 26
1360 22
1361 0
1362 6
1362 39
1363 32
1363 26
1364 28
1365 8
1366 26
1367 20
1368 26
1369 24
1369 26
1369 10
1370 22
1371 13
1372 25
1372 26
1373 22
1373 20
1374 9
1375 26
1375 9
1376 39
1376 30
1377 26
1378 34
1378 26
1379 30
1380 39
1381 39
1381 26
1382 11
1383 10
1384 32
1384 26
1385 25
1386 34
1387 38
1388 9
1389 38
1390 8
1391 26
1391 9
1392 25
1392 10
1393 38
1394 34
1394 4
1394 10
1395 8
1396 11
1396 26
1397 32
1398 34
1399 38
1399 26
1400 38
1400 26
1401 26
1401 9
1402 26
1403 26
1404 20
1405 10
1406 24
1406 10
1407 25
1408 26
1409 39
1410 34
1411 16
1412 22
1413 38
1414 26
1415 29
1416 8
1417 26
1418 3
1419 34
1420 38
1421 6
1421 10
1422 25
1423 38
1424 9
1425 26
1425 10
1426 34
1427 26
1427 9
1428 39
1429 11
1430 26
1430 16
1431 25
1431 26
1432 37
1432 29
1432 34
1432 25
1432 26
1432 20
1433 6
1434 38
1435 6
1436 26
1436 30
1437 29
1438 30
1439 34
1440 3
1441 39
1442 30
1443 24
1444 29
1444 9
1444 20
1445 6
1446 30
1447 25
1448 24
1449 30
1450 30
1451 29
1451 26
1452 24
1452 10
1453 20
1454 38
1455 24
1456 34
1457 8
1458 25
1459 3
1459 26
1460 25
1461 9
1462 24
1462 10
1463 39
1463 22
1464 38
1465 8
1466 30
1467 32
1467 39
1468 38
1469 34
1470 24
1470 26
1471 26
1471 10
1472 16
1473 3
1474 13
1475 26
1476 38
1477 39
1478 38
1479 32
1479 26
1480 10
1481 13
1482 26
1482 20
1483 29
1484 25
1484 26
1484 20
1485 9
1486 39
1487 8
1487 20
1488 29
1489 21
1490 39
1490 26
1491 3
1491 20
1492 10
1493 24
1493 25
1493 10
1493 20
1494 22
1494 20
1495 34
1496 24
1497 25
1497 26
1498 26
1498 22
1499 16
1500 26
1501 26
1502 39
1503 25
1504 26
1504 16
1505 30
1506 3
1507 29
1507 25
1508 26
1509 26
1510 26
1511 26
1511 9
1512 32
1512 10
1513 25
1514 20
1515 26
1516 38
1517 25
1518 38
1519 38
1520 38
1521 26
1521 9
1522 25
1523 28
1524 0
1524 13
1524 20
1525 38
1526 10
1527 39
1528 26
1529 26
1530 22
1531 26
1532 26
1532 10
1533 38
1534 29
1534 26
1535 39
1536 30
1537 11
1537 26
1538 26
1538 10
1539 39
1539 26
1540 20
1541 25
1542 34
1543 39
1544 13
1545 34
1546 34
1547 26
1547 30
1548 25
1549 34
1549 39
1549 26
1550 25
1550 26
1551 10
1552 26
1553 38
1554 20
1555 38
1556 38
1556 10
1557 10
1558 24
1559 26
1560 24
1561 38
1561 0
1562 16
1563 26
1564 8
1565 26
1566 26
1567 38
1568 38
1569 38
1569 10
1570 26
1570 8
1570 20
1571 0
1572 34
1572 25
1572 16
1573 30
1574 26
1575 26
1575 10
1576 6
1576 26
1577 10
1578 6
1579 26
1580 26
1581 22
1581 20
1582 3
1583 34
1584 22
1585 26
1586 38
1586 26
1587 29
1588 24
1589 26
1589 9
1590 10
1591 26
1592 29
1593 26
1594 30
1594 10
1595 26
1596 26
1597 10
1598 32
1599 32
1599 10
1600 26
1600 10
1601 10
1602 29
1603 34
1603 39
1604 6
1605 26
1605 10
1606 24
1606 10
1607 26
1607 30
1608 10
1609 39
1609 22
1610 32
1611 9
1611 10
1612 10
1613 26
1614 38
1614 26
1615 38
1616 10
1617 0
1618 30
1619 26
1620 24
1621 20
1622 26
1623 11
1624 26
1624 10
1625 9
1626 29
1626 26
1627 25
1627 26
1628 11
1629 24
1630 38
1630 34
1631 38
1631 32
1632 29
1632 26
1633 38
1634 29
1635 39
1635 10
1636 10
1637 32
1638 34
1638 26
1639 29
1639 39
1640 20
1641 26
1642 25
1643 10
1644 26
1644 22
1645 26
1646 6
1646 26
1647 13
1648 6
1649 26
1650 0
1651 22
1652 20
1653 38
1653 10
1654 29
1655 9
1656 21
1657 8
1658 24
1658 10
1659 24
1659 26
1660 39
1660 22
1661 26
1662 38
1663 9
1664 3
1665 26
1666 13
1667 30
1668 8
1669 26
1670 38
1671 26
1672 39
1673 16
1674 9
1675 29
1676 0
1677 39
1677 26
1678 24
1679 29
1680 11
1680 25
1681 25
1682 39
1683 29
1683 26
1684 24
1685 28
1686 9
1687 29
1688 24
1688 10
1689 9
1690 24
1691 26
1691 10
1692 39
1692 26
1693 11
1694 25
1695 34
1695 39
1696 25
1696 26
1697 26
1698 39
1699 22
1700 29
1701 38
1702 26
1703 26
1703 10
1704 26
1705 10
1706 26
1706 22
1707 27
1707 10
1708 6
1709 10
1710 25
1711 26
1712 21
1713 32
1713 26
1714 26
1714 9
1715 26
1716 34
1716 26
1717 38
1718 8
1719 32
1719 26
1720 24
1721 0
1721 20
1722 25
1722 20
1723 25
1724 39
1725 29
1726 24
1726 26
1727 24
1728 30
1728 10
1729 13
1730 32
1731 25
1732 39
1732 26
1733 38
1734 26
1735 10
1736 32
1736 26
1737 32
1738 26
1739 38
1740 10
1741 26
1742 10
1743 26
1743 9
1744 38
1745 0
1746 39
1747 39
1747 26
1748 38
1748 26
1749 39
1749 26
1750 25
1751 38
1752 26
1752 30
1753 34
1754 26
1754 10
1755 9
1756 11
1757 28
1757 10
1758 34
1758 39
1759 34
1759 39
1760 10
1761 38
1762 26
1763 10
1764 39
1764 25
1765 38
1766 25
1767 25
1767 26
1768 10
1769 11
1770 29
1771 16
1772 38
1772 20
1773 38
1773 10
1774 32
1775 25
1776 38
1777 39
1778 26
1779 30
1779 10
1780 34
1781 11
1781 25
1781 26
1782 28
1783 26
1784 8
1785 38
1786 34
1787 26
1787 10
1788 0
1788 26
1788 8
1789 8
1790 34
1791 20
1792 38
1793 32
1793 26
1794 11
1794 25
1795 9
1796 24
1797 10
1798 29
1798 25
1798 26
1799 22
1800 26
1801 32
1802 29
1802 26
1803 29
1803 10
1804 26
1805 26
1806 10
1807 38
1807 26
1808 34
1809 25
1810 34
1810 26
1811 28
1811 10
1812 29
1813 26
1814 24
1815 0
1815 20
1816 38
1817 38
1818 34
1818 26
1819 26
1820 25
1821 39
1822 24
1822 26
1823 24
1823 26
1824 39
1824 26
1825 39
1825 26
1826 26
1826 9
1827 29
1828 26
1828 30
1829 13
1830 28
1831 38
1832 25
1833 39
1833 26
1834 25
1834 26
1835 39
1836 27
1837 30
1838 26
1839 25
1840 39
1841 26
1842 26
1843 26
1844 34
1845 22
1846 38
1846 26
1847 9
1848 30
1849 26
1849 9
1850 30
1851 26
1852 30
1853 34
1853 26
1854 32
1854 26
1855 26
1856 20
1857 39
1858 26
1859 10
1860 20
1861 26
1861 10
1862 34
1863 38
1863 26
1864 26
1865 9
1866 38
1867 32
1868 25
1868 10
1869 26
1870 30
1871 11
1872 10
1873 26
1874 26
1874 10
1875 34
1875 26
1876 32
1877 39
1878 20
1879 26
1879 8
1879 21
1879 20
1880 24
1881 34
1882 38
1883 0
1884 26
1885 32
1886 13
1887 26
1888 9
1889 34
1890 11
1891 24
1892 26
1893 10
1894 30
1895 11
1896 34
1897 26
1898 3
1899 39
1900 38
1900 26
1901 38
1902 25
1902 26
1903 28
1904 30
1905 26
1906 34
1907 39
1907 26
1908 11
1909 26
1909 9
1910 32
1911 38
1912 32
1912 26
1913 30
1913 10
1914 26
1914 10
1915 27
1915 10
1916 20
1917 38
1917 26
1918 26
1919 29
1919 26
1920 13
1920 26
1921 38
1922 29
1922 26
1923 26
1924 27
1924 26
1924 10
1925 32
1926 39
1927 6
1928 26
1929 25
1930 26
1931 39
1932 10
1933 25
1934 29
1935 39
1936 26
1936 10
1937 10
1938 38
1939 29
1939 26
1940 25
1940 26
1941 29
1941 10
1942 16
1943 24
1943 26
1944 39
1945 34
1945 26
1946 39
1947 26
1948 11
1949 26
1950 25
1950 26
1951 39
1951 26
1952 0
1953 34
1954 30
1954 10
1955 34
1955 20
1956 26
1957 34
1957 26
1958 34
1958 39
1959 11
1959 26
1960 30
1960 22
1961 10
1962 24
1963 30
1964 26
1965 39
1966 38
1966 26
1967 25
1968 29
1968 26
1969 25
1970 39
1970 26
1971 32
1971 26
1972 26
1973 34
1974 26
1975 30
1976 24
1976 28
1977 11
1977 16
1978 3
1979 10
1980 38
1980 26
1981 39
1982 26
1982 30
1983 38
1984 38
1984 26
1985 26
1986 26
1987 26
1988 38
1989 8
1989 20
1990 38
1990 26
1991 24
1992 39
1992 25
1992 10
1993 21
1994 38
1994 26
1995 26
1996 30
1997 34
1998 0
1999 24
2000 39
2000 26
2001 38
2002 34
2002 26
2002 10
2003 38
2004 24
2005 38
2006 26
2007 34
2007 9
2008 32
2009 20
2010 39
2010 26
2011 25
2012 25
2012 26
2013 26
2013 10
2014 25
2014 26
2015 34
2016 34
2017 26
2018 26
2019 30
2020 10
2021 10
2022 27
2023 10
2024 26
2024 10
2025 39
2025 26
2026 26
2027 34
2028 29
2028 26
2029 39
2029 20
2030 38
2031 26
2032 38
2033 39
2034 26
2035 26
2036 26
2037 24
2038 11
2039 26
2040 26
2040 10
2041 34
2042 32
2043 38
2043 26
2044 30
2045 9
2046 24
2047 38
2048 16
2049 0
2049 26
2049 8
2050 20
2051 26
2052 32
2053 26
2053 22
2053 20
2054 26
2054 30
2055 32
2055 10
2056 26
2057 30
2058 30
2058 10
2059 29
2059 26
2060 29
2060 26
2061 38
2062 30
2062 10
2063 25
2064 29
2065 38
2065 10
2066 25
2067 24
2068 32
2068 26
2069 22
2070 26
2071 38
2071 26
2072 26
2072 9
2073 39
2074 39
2075 39
2076 10
2077 25
2078 38
2078 26
2079 6
2080 26
2081 29
2082 26
2083 32
2083 26
2084 28
2085 8
2086 38
2087 26
2088 29
2089 10
2090 25
2091 38
2092 10
2093 30
2094 26
2094 30
2094 10
2095 34
2095 26
2096 6
2096 10
2097 24
2098 27
2099 38
2099 24
2100 39
2100 26
2101 39
2102 26
2103 25
2103 26
2103 20
2104 32
2104 26
2105 30
2106 26
2106 10
2107 38
2108 13
2109 24
2110 32
2110 10
2111 38
2112 26
2113 27
2113 26
2113 10
2114 29
2115 26
2115 30
2115 10
2116 25
2116 26
2116 10
2117 39
2118 10
2119 34
2120 39
2121 26
2122 26
2122 10
2123 27
2123 26
2124 11
2125 38
2126 25
2126 26
2127 11
2128 10
2129 10
2130 34
2131 24
2132 39
2133 34
2134 29
2135 38
2135 26
2136 11
2137 11
2137 25
2138 26
2139 38
2140 38
2141 26
2142 38
2142 26
2143 38
2143 26
2144 26
2145 38
2146 39
2147 38
2148 38
2149 30
2149 10
2150 20
2151 39
2151 26
2152 25
2153 3
2154 26
2154 10
2155 26
2156 10
2157 38
2158 38
2158 26
2159 34
2160 29
2160 25
2160 26
2161 24
2161 10
2162 39
2163 3
2164 0
2165 32
2166 10
2167 39
2168 39
2169 39
2170 9
2171 6
2172 34
2173 0
2173 20
2174 34
2175 26
2176 39
2177 38
2177 10
2178 25
2178 26
2179 0
2180 26
2181 29
2181 26
2182 29
2183 11
2184 25
2184 10
2185 26
2185 22
2186 9
2187 20
2188 8
2189 38
2190 38
2190 26
2191 29
2192 10
2193 26
2194 32
2195 6
2196 29
2196 26
2197 24
2198 29
2199 24
2200 26
2200 9
2201 10
2202 11
2202 25
2202 26
2203 25
2204 24
2205 38
2206 22
2207 26
2207 9
2208 25
2209 28
2210 20
2211 10
2212 39
2213 0
2214 39
2215 21
2216 39
2217 38
2218 26
2218 22
2219 30
2220 34
2221 29
2221 26
2222 39
2223 20
2224 26
2225 3
2226 22
2227 29
2227 30
2228 26
2229 24
2230 11
2231 26
2232 8
2233 26
2233 9
2233 10
2234 26
2235 26
2236 38
2237 34
2238 25
2239 29
2240 26
2241 26
2242 28
2242 26
2243 26
2244 34
2245 38
2246 38
2247 22
2248 39
2249 34
2250 30
2251 24
2251 26
2251 10
2252 11
2253 13
2254 39
2255 39
2256 13
2257 10
2258 26
2258 10
2259 34
2259 26
2260 34
2261 38
2262 10
2263 30
2264 22
2265 11
2266 39
2266 26
2267 20
2268 26
2268 22
2269 29
2270 34
2270 26
2271 10
2272 24
2273 26
2274 11
2275 20
2276 6
2277 22
2278 38
2278 26
2279 39
2280 26
2280 9
2281 39
2282 32
2283 26
2284 34
2285 26
2285 10
2286 26
2287 20
2288 38
2289 11
2289 26
2290 26
2290 10
2291 0
2292 29
2292 34
2293 34
2294 26
2295 34
2296 30
2297 10
2298 39
2299 26
2300 25
2300 26
2301 26
2302 25
2303 11
2304 13
2305 34
2306 34
2307 13
2308 0
2309 8
2310 30
2311 32
2312 39
2313 38
2314 34
2315 25
2316 10
2317 38
2317 26
2318 25
2318 26
2318 16
2319 29
2320 25
2321 0
2322 0
2322 20
2323 0
2324 28
2324 26
2325 30
2326 34
2327 26
2328 32
2329 38
2330 10
2331 29
2332 20
2333 38
2334 24
2335 32
2335 10
2336 25
2336 26
2337 29
2338 38
2338 26
2339 30
2340 26
2340 16
2341 26
2342 39
2343 32
2343 26
2344 8
2345 32
2345 10
2346 28
2346 10
2347 13
2348 38
2348 11
2349 26
2350 24
2351 9
2352 32
2352 26
2353 32
2353 26
2354 26
2354 20
2355 39
2356 11
2357 24
2357 26
2358 3
2359 9
2360 29
2360 26
2361 25
2362 26
2362 10
2363 38
2363 26
2364 26
2364 30
2365 26
2366 20
2367 29
2368 26
2369 39
2370 29
2370 39
2371 11
2372 38
2373 39
2374 27
2375 38
2376 25
2376 26
2377 25
2378 29
2379 3
2380 25
2381 25
2381 26
2382 26
2383 30
2384 34
2385 9
2386 10
2387 38
2388 3
2389 24
2390 10
2391 34
2392 30
2393 29
2394 26
2395 10
2396 32
2396 10
2397 39
2398 26
2398 10
2399 10
2400 25
2401 38
2402 34
2403 26
2404 0
2405 13
2405 26
2406 26
2407 6
2408 38
2409 39
2410 38
2411 26
2412 6
2413 22
2414 38
2415 26
2415 30
2416 38
2417 26
2418 39
2418 26
2418 10
2419 25
2419 26
2420 25
2420 26
2421 39
2421 26
2422 39
2423 29
2424 6
2424 26
2425 22
2426 38
2427 30
2428 24
2429 6
2430 21
2431 39
2432 38
2433 10
2434 29
2435 30
2436 29
2436 26
2437 34
2438 26
2438 22
2439 16
2440 39
2441 24
2441 26
2442 39
2443 22
2444 32
2445 26
2445 22
2446 20
2447 38
2447 34
2448 26
2448 30
2449 24
2450 20
2451 26
2451 30
2452 26
2453 29
2453 26
2454 26
2454 9
2455 10
2456 38
2457 6
2458 32
2459 25
2459 10
2460 16
2461 32
2461 26
2461 10
2462 0
2463 30
2464 10
2465 0
2466 25
2467 26
2468 28
2469 25
2469 26
2470 9
2471 28
2472 26
2473 29
2473 26
2474 26
2475 0
2475 26
2476 26
2477 26
2478 10
2479 10
2480 26
2481 26
2482 38
2482 26
2483 26
2484 13
2485 25
2485 26
2486 25
2486 22
2487 34
2488 30
2489 26
2490 20
2491 13
2491 26
2492 32
2492 10
2493 29
2494 25
2494 26
2495 11
2495 26
2496 26
2497 26
2498 26
2498 10
2499 39
2499 9
2500 32
2501 0
2501 26
2502 26
2503 25
2503 26
2504 39
2505 9
2506 10
2507 3
2508 26
2508 30
2509 29
2510 26
2511 32
2512 39
2513 25
2514 34
2515 29
2516 26
2516 22
2517 8
2518 8
2519 39
2519 22
2520 28
2520 10
2521 38
2522 26
2523 26
2523 9
2524 10
2525 39
2525 9
2526 10
2527 29
2528 0
2529 20
2530 30
2531 38
2531 26
2532 26
2533 34
2534 39
2535 32
2536 30
2537 9
2538 38
2539 29
2539 26
2539 20
2540 30
2541 26
2542 10
2543 39
2544 9
2545 26
2546 9
2547 29
2547 26
2548 0
2548 26
2548 8
2548 20
2549 30
2550 29
2551 39
2552 26
2552 10
2553 39
2554 38
2554 26
2555 26
2556 26
2557 39
2558 9
2559 10
2560 26
2561 34
2561 26
2562 25
2562 26
2563 26
2563 10
2564 22
2565 10
2566 25
2566 26
2567 38
2568 10
2569 38
2569 26
2570 27
2571 38
2572 30
2573 0
2573 20
2574 34
2575 26
2576 39
2576 22
2577 39
2578 29
2579 34
2579 26
2580 26
2580 30
2581 22
2582 34
2583 39
2584 26
2585 38
2586 28
2587 29
2587 26
2587 10
2588 20
2589 34
2590 26
2591 39
2592 25
2592 26
2592 10
2593 39
2594 29
2594 26
2595 25
2596 26
2597 6
2598 38
2599 13
2600 39
2601 11
2601 26
2602 26
2603 10
2604 38
2605 26
2606 39
2606 22
2607 30
2608 25
2609 9
2610 16
2611 10
2612 10
2613 24
2614 29
2615 38
2615 26
2616 38
2616 10
2617 34
2618 10
2619 20
2620 26
2620 20
2621 10
2622 38
2622 10
2623 10
2624 11
2624 26
2625 29
2626 11
2627 10
2628 24
2629 26
2630 28
2630 26
2631 29
2631 26
2632 13
2632 20
2633 38
2633 26
2633 10
2634 38
2634 26
2635 34
2636 25
2636 26
2637 13
2637 26
2637 20
2638 38
2638 26
2639 39
2640 3
2641 20
2642 9
2643 29
2644 29
2645 8
2646 29
2646 9
2647 26
2647 20
2648 26
2649 39
2650 24
2650 26
2651 29
2652 26
2653 24
2654 32
2654 10
2655 6
2656 20
2657 26
2658 28
2658 26
2659 29
2660 39
2660 26
2661 13
2662 28
2663 38
2663 26
2664 32
2665 26
2666 24
2666 26
2667 22
2668 30
2669 22
2670 39
2670 26
2671 27
2672 39
2672 26
2673 9
2674 0
2674 26
2675 13
2676 26
2677 24
2678 30
2678 10
2679 39
2679 26
2679 22
2680 13
2681 38
2682 30
2683 26
2683 22
2684 21
2685 25
2686 25
2686 26
2687 26
2688 39
2689 24
2689 34
2690 29
2690 11
2691 24
2692 24
2692 10
2693 10
2694 26
2695 26
2696 22
2697 26
2697 30
2698 38
2698 26
2698 10
2699 24
2700 26
2701 26
2701 30
2701 10
2702 24
2703 9
2704 39
2705 30
2706 26
2707 26
2708 29
2709 38
2710 39
2711 39
2711 26
2712 25
2713 34
2714 26
2715 39
2716 25
2716 26
2717 20
2718 20
2719 22
2720 38
2721 25
2722 29
2722 9
2722 10
2723 39
2724 26
2725 29
2725 26
2726 34
2726 26
2727 38
2728 26
2728 22
2729 34
2730 24
2731 22
2732 25
2732 26
2733 39
2734 38
2735 34
2736 26
2737 26
2737 9
2738 11
2739 26
2740 39
2741 25
2741 26
2742 25
2742 26
2743 25
2744 22
2745 13
2746 24
2746 26
2747 26
2747 30
2748 39
2749 28
2749 10
2750 39
2751 24
2751 10
2752 3
2753 8
2754 38
2755 39
2756 39
2757 10
2758 29
2759 39
2759 26
2760 25
2761 38
2762 6
2762 26
2762 10
2763 29
2764 6
2765 38
2766 38
2767 8
2768 34
2768 39
2768 9
2769 10
2770 26
2770 30
2771 34
2771 26
2772 6
2773 34
2773 26
2774 26
2774 10
2775 11
2776 26
2777 39
2778 38
2779 13
2779 39
2780 34
2781 10
2782 26
2783 0
2783 39
2784 26
2784 10
2785 24
2785 26
2786 26
2787 27
2788 26
2789 13
2790 34
2790 39
2791 20
2792 26
2792 9
2793 39
2793 26
2794 26
2795 25
2795 26
2796 34
2796 26
2797 24
2798 26
2798 8
2799 38
2799 26
2800 39
2801 10
2802 38
2802 11
2802 26
2803 22
2804 34
2804 26
2805 34
2805 25
2806 26
2807 3
2807 26
2808 25
2808 26
2809 30
2810 20
2811 26
2812 26
2813 38
2814 28
2815 38
2816 38
2816 26
2817 34
2818 26
2819 24
2820 38
2820 26
2821 26
2821 10
2822 22
2823 3
2824 29
2824 25
2824 26
2825 26
2826 26
2827 38
2828 29
2829 27
2830 39
2830 26
2831 34
2831 10
2832 24
2833 38
2834 38
2835 39
2835 26
2836 39
2836 25
2837 24
2838 30
2839 20
2840 38
2841 38
2842 29
2843 38
2844 11
2845 10
2846 26
2847 26
2847 16
2848 27
2848 26
2849 22
2850 39
2850 26
2851 26
2852 30
2853 38
2854 30
2855 26
2855 30
2856 26
2856 20
2857 38
2858 26
2859 20
2860 25
2861 26
2862 10
2863 26
2864 26
2865 26
2866 24
2866 26
2867 26
2868 10
2869 26
2870 29
2871 0
2872 39
2873 8
2874 26
2875 26
2876 6
2877 10
2878 26
2879 25
2880 0
2880 26
2881 22
2882 26
2883 30
2883 10
2884 25
2884 20
2885 39
2886 34
2886 26
2887 32
2888 26
2889 25
2890 38
2891 11
2892 11
2892 26
2893 8
2894 32
2895 34
2895 39
2895 26
2896 29
2896 34
2897 10
2898 22
2899 25
2900 32
2900 10
2901 29
2902 38
2903 26
2904 38
2905 27
2906 11
2907 20
2908 38
2909 30
2910 0
2911 24
2911 26
2912 6
2913 20
2914 32
2914 26
2915 30
2916 39
2916 22
2917 39
2918 30
2918 10
2919 26
2920 6
2921 34
2922 6
2923 30
2923 10
2924 29
2925 34
2925 10
2926 26
2926 9
2927 24
2927 26
2927 9
2928 24
2929 28
2930 26
2931 34
2932 29
2932 26
2933 26
2934 16
2935 34
2935 26
2936 13
2937 39
2937 26
2938 26
2939 38
2940 34
2941 3
2942 34
2943 11
2944 34
2945 24
2946 34
2947 26
2948 24
2949 26
2949 22
2950 34
2950 25
2951 38
2952 10
2953 32
2953 25
2953 26
2954 38
2954 26
2955 25
2956 20
2957 29
2958 26
2958 30
2959 8
2960 9
2960 10
2961 30
2962 34
2962 26
2963 26
2964 38
2964 26
2965 20
2966 6
2967 26
2968 29
2968 10
2969 38
2970 25
2971 34
2972 26
2973 25
2973 26
2974 25
2975 8
2976 24
2976 26
2977 24
2978 0
2978 25
2978 26
2978 20
2979 3
2980 38
2981 26
2982 26
2982 30
2983 38
2983 10
2984 34
2984 26
2985 24
2986 24
2987 25
2987 26
2988 26
2989 38
2990 26
2990 21
2991 0
2992 27
2992 30
2993 10
2994 10
2995 24
2996 26
2996 10
2997 11
2998 39
2998 26
2999 13
3000 34
3000 39
3000 26
3001 25
3001 26
3002 38
3003 30
3004 26
3004 10
3005 28
3005 10
3006 26
3007 39
3008 30
3009 10
3010 26
3011 25
3012 8
3013 21
3014 24
3015 11
3015 25
3016 39
3017 26
3018 38
3019 39
3020 11
3021 24
3021 26
3022 26
3023 26
3023 10
3024 10
3025 28
3025 26
3026 38
3027 29
3028 30
3029 11
3030 10
3031 0
3031 20
3032 26
3032 30
3033 26
3034 34
3035 26
3035 22
3036 25
3036 26
3037 25
3037 10
3038 26
3039 38
3039 26
3040 26
3041 3
3042 22
3043 30
3043 10
3044 38
3045 39
3046 39
3046 26
3047 25
3048 25
3049 34
3049 26
3050 38
3051 22
3052 13
3053 26
3053 10
3054 24
3055 26
3055 22
3056 38
3057 38
3058 6
3059 11
3060 32
3060 10
3061 20
3062 34
3063 20
3064 10
3065 8
3066 38
3067 39
3068 24
3068 26
3069 29
3069 26
3070 22
3071 11
3072 39
3073 38
3073 10
3074 26
3075 38
3076 29
3076 26
3077 34
3078 6
3079 26
3080 22
3081 26
3081 30
3082 29
3083 39
3084 34
3084 26
3085 26
3086 26
3087 30
3088 29
3089 29
3090 3
3091 10
3092 26
3092 10
3093 25
3093 10
3094 20
3095 25
3095 26
3096 26
3097 11
3098 30
3099 25
3099 10
3100 25
3101 26
3102 38
3103 38
3104 6
3104 10
3105 38
3105 26
3106 20
3107 26
3108 16
3109 20
3110 26
3110 10
3111 3
3111 20
3112 34
3112 39
3112 26
3113 26
3114 38
3114 26
3115 38
3116 29
3116 11
3117 32
3118 34
3119 24
3120 39
3120 26
3121 11
3122 30
3123 24
3124 26
3125 32
3126 20
3127 34
3128 26
3129 32
3129 10
3130 8
3131 8
3132 20
3133 38
3134 32
3135 26
3136 9
3137 25
3137 26
3138 34
3139 10
3140 26
3141 26
3142 29
3143 39
3144 25
3145 25
3146 0
3147 29
3148 26
3148 16
3149 38
3149 26
3150 24
3151 10
3152 6
3152 20
3153 20
3154 10
3155 29
3156 26
3156 10
3157 20
3158 24
3159 26
3160 11
3160 26
3160 30
3160 22
3161 25
3161 10
3162 26
3163 39
3164 38
3165 26
3166 26
3166 10
3167 13
3168 3
3169 30
3170 25
3171 39
3171 9
3171 10
3172 10
3173 38
3174 39
3175 34
3176 11
3177 26
3178 26
3179 10
3180 30
3181 39
3182 26
3182 20
3183 26
3183 10
3184 26
3185 26
3186 8
3187 9
3188 8
3189 26
3190 32
3191 38
3191 26
3192 24
3193 34
3193 26
3194 26
3195 39
3195 26
3196 20
3197 22
3198 11
3199 20
3200 24
3201 22
3202 26
3203 9
3204 38
3204 26
3205 16
3206 22
3207 24
3208 38
3209 20
3210 38
3210 26
3211 26
3211 30
3212 3
3212 20
3213 26
3213 9
3214 34
3215 24
3215 10
3216 32
3217 0
3217 29
3217 20
3218 24
3219 26
3220 24
3221 24
3221 26
3222 39
3223 38
3224 26
3225 32
3225 10
3226 39
3226 26
3227 38
3228 26
3228 9
3229 25
3229 26
3230 26
3231 39
3231 26
3232 28
3232 26
3233 24
3234 25
3234 26
3235 38
3235 26
3236 39
3237 30
3238 24
3239 26
3239 10
3240 29
3241 39
3241 26
3242 26
3243 28
3243 26
3243 20
3244 26
3245 22
3246 6
3247 30
3248 6
3248 26
3249 30
3250 34
3251 9
3252 26
3253 38
3254 10
3255 30
3256 9
3257 10
3258 20
3259 39
3259 26
3260 26
3261 38
3262 29
3262 26
3263 26
3264 30
3265 32
3265 10
3266 26
3266 10
3267 26
3268 28
3268 10
3269 11
3269 25
3270 39
3271 34
3271 26
3271 20
3271 16
3272 6
3272 10
3273 6
3274 34
3275 24
3276 34
3277 11
3277 26
3278 26
3278 10
3279 9
3280 32
3280 26
3281 10
3282 26
3282 30
3283 24
3284 26
3285 28
3285 26
3286 28
3286 10
3287 30
3288 25
3289 25
3290 10
3291 21
3292 10
3293 10
3294 27
3294 30
3295 9
3295 10
3296 34
3297 38
3297 26
3298 26
3299 25
3299 10
3300 38
3300 24
3301 26
3301 8
3302 25
3303 26
3304 39
3305 3
3306 29
3306 25
3307 0
3308 25
3308 26
3309 26
3310 34
3310 26
3311 29
3312 26
3313 25
3314 34
3314 39
3315 38
3316 26
3317 26
3318 24
3319 26
3320 34
3320 26
3321 29
3321 25
3321 26
3322 16
3323 38
3323 26
3324 38
3324 26
3325 39
3325 9
3326 20
3327 26
3328 38
3329 38
3329 26
3330 38
3330 26
3330 10
3331 39
3331 26
3332 10
3333 27
3333 26
3333 9
3334 26
3335 24
3336 26
3337 25
3337 26
3338 25
3339 32
3339 26
3340 34
3340 26
3341 34
3342 29
3343 26
3344 32
3345 29
3345 26
3346 39
3347 38
3347 26
3348 39
3348 26
3349 29
3350 11
3351 38
3352 24
3353 25
3354 26
3355 39
3356 39
3357 26
3358 8
3359 30
3360 34
3361 26
3362 11
3362 26
3363 22
3364 38
3364 26
3365 20
3366 32
3367 6
3368 11
3369 10
3370 10
3371 39
3371 9
3372 38
3373 25
3374 22
3375 29
3376 10
3377 26
3378 34
3379 34
3379 26
3380 34
3381 34
3382 11
3383 26
3384 32
3384 26
3385 34
3386 39
3387 20
3388 27
3389 38
3389 26
3390 0
3391 27
3392 27
3393 20
3394 26
3395 10
3396 26
3396 30
3397 34
3397 39
3398 29
3399 24
3400 10
3401 26
3401 30
3402 39
3403 34
3403 10
3404 24
3405 25
3406 11
3406 26
3407 26
3408 24
3409 24
3409 29
3409 10
3410 20
3411 24
3412 9
3413 38
3414 38
3415 38
3416 22
3417 8
3418 3
3419 26
3419 30
3420 26
3421 29
3422 16
3423 24
3424 6
3424 10
3425 26
3426 32
3427 10
3428 0
3428 25
3428 26
3428 20
3429 20
3430 29
3431 26
3432 32
3433 32
3433 10
3434 39
3435 6
3435 10
3436 24
3437 34
3438 30
3439 13
3440 20
3441 16
3442 38
3443 26
3444 13
3444 20
3445 39
3446 26
3447 27
3447 26
3448 34
3448 11
3448 26
3449 26
3450 26
3451 26
3452 6
3453 39
3454 9
3455 26
3455 10
3456 26
3456 9
3456 10
3457 24
3458 39
3459 38
3459 24
3460 25
3461 25
3462 38
3463 27
3463 26
3463 30
3464 22
3464 20
3465 30
3466 26
3467 25
3467 26
3468 25
3469 25
3470 39
3470 26
3471 9
3472 39
3473 11
3474 20
3475 10
3476 38
3477 26
3478 26
3478 10
3479 26
3479 10
3480 39
3481 26
3481 10
3482 24
3483 22
3484 10
3485 29
3486 27
3487 24
3487 26
3488 13
3488 20
3489 39
3489 26
3490 25
3490 26
3491 11
3492 26
3493 39
3493 26
3494 25
3494 10
3495 26
3496 26
3497 38
3498 3
3499 38
3500 25
3501 9
3502 6
3503 6
3503 26
3503 30
3504 29
3505 38
3506 16
3507 26
3508 29
3508 26
3509 26
3510 24
3510 26
3511 20
3512 38
3513 11
3514 34
3515 39
3516 39
3517 29
3517 26
3518 26
3519 25
3519 26
3520 26
3521 10
3522 29
3522 26
3523 38
3523 32
3523 24
3523 39
3523 26
3523 8
3523 30
3523 10
3524 24
3525 38
3526 24
3527 25
3528 24
3529 34
3529 10
3530 6
3531 30
3532 39
3533 11
3533 16
3534 10
3535 9
3536 30
3537 26
3538 32
3539 22
3540 34
3541 0
3541 34
3542 24
3542 26
3543 26
3544 34
3545 38
3545 26
3546 30
3547 25
3548 38
3549 29
3549 25
3550 30
3550 10
3551 34
3552 29
3552 26
3552 10
3553 28
3553 26
3554 24
3555 6
3556 26
3557 39
3558 3
3558 22
3559 24
3560 26
3561 16
3562 10
3563 22
3564 34
3565 8
3566 9
3567 26
3568 26
3569 26
3569 30
3570 26
3571 29
3572 29
3572 26
3573 39
3574 26
3574 16
3575 28
3576 39
3576 26
3577 10
3578 38
3578 26
3579 26
3580 29
3581 26
3581 9
3582 39
3582 26
3583 26
3584 25
3585 25
3585 26
3586 26
3587 29
3587 26
3588 38
3588 26
3588 10
3589 22
3590 30
3591 9
3592 24
3593 38
3594 25
3595 22
3596 10
3597 26
3597 9
3598 11
3599 29
3599 26
3600 3
3601 26
3602 24
3603 38
3603 9
3604 39
3605 29
3606 10
3607 29
3608 39
3608 9
3609 32
3610 26
3611 27
3611 30
3612 26
3613 10
3614 39
3614 26
3615 38
3616 29
3616 6
3616 10
3617 26
3618 22
3619 30
3620 13
3621 38
3621 26
3622 11
3623 24
3623 26
3624 25
3625 26
3626 28
3626 10
3627 11
3628 26
3629 38
3630 34
3631 34
3632 22
3633 9
3634 39
3635 30
3636 24
3636 26
3637 26
3638 21
3639 38
3640 39
3641 25
3642 39
3642 26
3643 29
3643 25
3644 26
3645 34
3645 26
3646 38
3646 26
3647 29
3647 25
3647 26
3648 34
3648 26
3649 10
3650 13
3651 39
3652 26
3653 24
3654 26
3655 34
3655 26
3655 10
3656 34
3657 20
3658 28
3658 26
3659 11
3659 26
3660 39
3661 39
3662 26
3663 38
3663 26
3664 34
3664 25
3665 30
3666 39
3667 26
3667 9
3668 30
3669 38
3670 38
3671 22
3672 20
3673 30
3673 10
3674 26
3674 9
3675 20
3676 10
3677 34
3678 30
3679 26
3680 29
3681 10
3682 22
3683 38
3684 26
3685 29
3685 26
3686 29
3686 26
3687 38
3688 29
3689 22
3690 26
3690 20
3691 26
3692 25
3692 26
3693 34
3693 10
3694 26
3695 38
3696 10
3697 0
3698 11
3699 24
3699 26
3700 20
3701 11
3702 26
3702 20
3703 24
3704 30
3705 29
3706 24
3707 26
3708 26
3709 38
3710 10
3711 32
3712 26
3713 26
3714 11
3715 0
3716 34
3716 10
3717 22
3718 26
3719 10
3720 38
3721 26
3721 30
3722 32
3723 3
3724 38
3724 26
3725 10
3726 24
3727 10
3728 39
3728 26
3729 38
3729 29
3730 39
3730 26
3731 26
3731 10
3732 39
3732 26
3733 26
3733 10
3734 26
3735 38
3735 10
3736 25
3736 26
3737 25
3738 38
3738 26
3739 10
3740 3
3741 26
3741 10
3742 26
3742 30
3743 29
3743 10
3744 26
3745 10
3746 11
3747 39
3747 26
3748 24
3749 25
3750 34
3751 39
3752 22
3752 23
3753 38
3753 32
3753 26
3753 10
3754 0
3754 26
3755 39
3755 9
3756 20
3757 39
3758 11
3759 39
3760 24
3761 26
3762 26
3763 6
3764 32
3764 26
3765 39
3766 26
3767 26
3768 24
3768 10
3769 34
3770 39
3770 9
3771 32
3771 22
3772 3
3773 11
3774 29
3774 25
3775 38
3776 34
3776 10
3777 34
3778 38
3778 26
3779 8
3780 38
3780 26
3781 32
3781 26
3782 34
3783 29
3783 26
3784 20
3785 9
3786 26
3787 0
3788 32
3789 11
3789 26
3789 10
3790 10
3791 26
3792 0
3792 26
3792 8
3793 25
3794 8
3795 38
3795 26
3796 25
3797 22
3798 24
3799 30
3800 26
3801 29
3801 26
3802 9
3803 8
3804 29
3804 30
3804 10
3805 26
3805 20
3806 34
3806 26
3807 38
3808 3
3809 6
3810 29
3811 28
3812 39
3813 30
3814 39
3815 25
3816 26
3817 26
3817 22
3818 21
3819 38
3820 11
3821 38
3822 26
3822 9
3823 26
3823 10
3824 11
3824 25
3825 24
3826 8
3827 39
3827 26
3828 20
3829 10
3830 29
3831 25
3831 10
3832 24
3833 39
3833 25
3834 26
3835 26
3835 22
3836 34
3837 22
3838 26
3839 26
3840 28
3841 21
3842 32
3843 39
3844 27
3845 38
3846 34
3846 26
3847 22
3848 34
3848 39
3849 39
3850 13
3851 32
3851 26
3852 25
3853 38
3853 26
3853 10
3854 38
3855 26
3856 32
3857 9
3858 34
3858 26
3859 26
3860 13
3861 26
3862 9
3863 30
3864 13
3865 11
3866 38
3867 29
3867 26
3867 10
3868 38
3869 26
3870 39
3871 32
3871 26
3872 34
3872 39
3873 39
3873 26
3874 10
3875 38
3876 39
3877 22
3878 25
3878 26
3879 3
3880 25
3881 24
3881 10
3882 34
3882 10
3883 39
3884 20
3885 20
3886 29
3887 3
3887 20
3888 38
3888 26
3889 26
3889 30
3889 10
3890 22
3891 26
3892 26
3893 11
3894 38
3895 26
3895 10
3896 10
3897 11
3898 10
3899 24
3900 39
3901 25
3901 26
3902 0
3903 22
3904 32
3904 26
3905 20
3906 24
3906 26
3907 10
3908 34
3909 26
3910 29
3911 26
3911 9
3912 26
3913 38
3914 26
3915 38
3916 25
3916 10
3917 25
3917 26
3918 24
3918 26
3919 16
3920 26
3921 38
3922 26
3923 38
3924 0
3925 26
3926 11
3926 16
3927 26
3928 30
3929 29
3930 34
3931 38
3932 3
3933 24
3934 26
3935 22
3936 25
3937 34
3938 39
3939 6
3939 10
3940 26
3940 16
3941 25
3942 26
3942 21
3943 38
3944 26
3945 10
3946 34
3947 26
3948 34
3949 26
3950 11
3951 26
3952 25
3953 10
3954 26
3955 26
3955 9
3956 34
3956 26
3957 11
3958 38
3959 26
3960 29
3960 26
3961 11
3962 39
3963 32
3964 25
3964 26
3964 30
3964 10
3965 24
3965 26
3966 9
3967 9
3968 34
3969 34
3970 26
3970 30
3971 30
3972 24
3973 24
3974 26
3974 30
3975 38
3976 32
3976 26
3977 30
3978 26
3978 22
3979 20
3980 3
3981 26
3981 22
3982 20
3983 29
3983 25
3984 25
3985 39
3985 26
3986 29
3987 39
3987 26
3988 27
3989 24
3990 34
3991 9
3992 38
3992 26
3993 25
3994 24
3995 32
3996 39
3996 9
3997 25
3997 10
3998 26
3999 30
4000 10
4001 11
4002 26
4003 11
4004 34
4004 39
4005 38
4005 39
4006 26
4007 25
4007 26
4008 26
4009 22
4010 29
4010 10
4011 32
4011 26
4012 26
4013 9
4014 26
4014 10
4015 38
4016 26
4017 24
4018 39
4019 29
4019 9
4020 29
4020 26
4021 26
4022 26
4023 39
4024 21
4025 10
4026 39
4027 29
4027 26
4028 9
4029 9
4030 26
4031 38
4031 29
4032 29
4032 26
4033 38
4034 13
4035 24
4035 10
4036 25
4036 26
4037 26
4037 30
4038 32
4039 29
4040 34
4041 16
4042 39
4042 26
4043 25
4044 29
4044 26
4045 26
4046 34
4047 20
4048 24
4048 26
4049 26
4050 26
4051 39
4052 39
4053 25
4053 26
4054 39
4055 38
4055 26
4056 26
4057 24
4057 28
4058 20
4059 34
4060 39
4061 26
4061 10
4062 25
4063 24
4064 30
4065 25
4066 10
4067 13
4067 26
4068 29
4069 26
4070 34
4071 34
4071 26
4072 38
4073 20
4074 26
4075 26
4076 34
4077 22
4078 39
4078 26
4079 24
4080 11
4081 25
4082 34
4083 10
4084 30
4085 8
4086 34
4086 20
4087 29
4088 26
4089 38
4090 11
4091 25
4091 26
4092 26
4093 24
4094 39
4095 26
4096 39
4097 11
4097 26
4098 26
4099 38
4100 3
4101 39
4102 32
4103 0
4103 26
4104 38
4105 30
4106 38
4107 38
4107 26
4108 38
4109 26
4109 30
4110 24
4110 26
4111 11
4112 28
4112 10
4113 26
4114 34
4115 38
4115 26
4115 10
4116 29
4116 26
4117 26
4117 8
4117 20
4118 34
4119 26
4119 10
4120 16
4121 26
4121 20
4122 38
4123 29
4124 13
4125 38
4125 26
4126 32
4126 26
4127 34
4128 30
4129 32
4129 26
4130 22
4131 30
4132 38
4133 22
4134 3
4135 24
4136 28
4137 34
4138 0
4139 26
4140 10
4141 13
4142 10
4143 24
4143 10
4144 38
4144 26
4145 21
4146 26
4147 24
4147 26
4148 26
4149 25
4150 38
4150 25
4151 32
4151 26
4152 0
4153 27
4153 26
4154 11
4155 20
4156 34
4157 24
4157 28
4157 29
4157 26
4157 30
4157 10
4158 24
4159 39
4160 38
4161 26
4161 16
4162 34
4163 26
4164 25
4165 26
4165 10
4166 11
4167 10
4168 26
4169 38
4169 26
4170 38
4170 10
4171 3
4172 34
4173 25
4173 26
4174 32
4174 22
4175 25
4176 30
4177 26
4177 22
4178 13
4179 25
4180 11
4181 26
4181 30
4182 38
4183 21
4184 38
4184 26
4185 26
4186 39
4186 26
4187 38
4187 0
4187 26
4188 10
4189 11
4190 13
4191 25
4191 26
4192 0
4193 10
4194 3
4195 13
4196 39
4197 26
4198 38
4199 34
4200 24
4201 10
4202 26
4203 11
4203 26
4204 38
4204 10
4205 0
4206 26
4207 38
4208 0
4208 26
4209 10
4210 10
4211 16
4212 30
4213 26
4213 8
4213 20
4214 32
4215 20
4216 26
4217 26
4218 38
4218 26
4219 39
4220 16
4221 26
4222 20
4223 29
4224 26
4225 32
4226 29
4227 9
4228 29
4228 26
4229 8
4230 26
4231 0
4232 27
4232 30
4233 38
4234 20
4235 26
4236 25
4237 34
4238 10
4239 11
4239 25
4240 34
4240 39
4241 24
4242 26
4242 9
4243 39
4244 26
4245 24
4246 39
4247 25
4248 27
4248 30
4249 34
4249 10
4250 39
4251 32
4252 24
4253 22
4254 34
4254 10
4255 24
4256 24
4257 26
4258 0
4259 30
4260 24
4261 9
4262 26
4262 10
4263 0
4264 34
4264 26
4265 16
4266 26
4267 9
4268 26
4269 29
4269 26
4270 26
4271 38
4271 9
4272 24
4272 10
4273 26
4273 9
4274 26
4275 26
4275 10
4276 38
4277 25
4277 26
4277 10
4278 34
4278 26
4279 39
4279 26
4280 29
4281 26
4282 10
4283 10
4284 25
4284 26
4285 26
4285 30
4286 30
4287 38
4288 38
4289 11
4290 29
4290 10
4291 29
4292 10
4293 26
4294 39
4295 26
4296 38
4296 26
4297 26
4298 25
4299 29
4299 26
4300 39
4301 26
4302 13
4303 26
4304 6
4305 29
4305 26
4306 28
4306 10
4307 25
4308 16
4309 22
4310 26
4311 34
4312 22
4313 32
4313 26
4314 26
4315 26
4316 10
4317 24
4317 26
4318 27
4318 26
4319 38
4319 26
4320 39
4321 10
4322 11
4322 26
4323 29
4324 29
4325 34
4325 25
4326 38
4327 39
4327 26
4328 26
4329 11
4330 16
4331 24
4332 3
4333 30
4334 24
4335 29
4336 26
4337 27
4338 39
4339 26
4339 9
4340 26
4341 26
4342 32
4343 10
4344 24
4344 10
4345 3
4346 32
4346 10
4347 25
4347 26
4348 30
4348 10
4349 3
4350 26
4351 39
4352 39
4353 11
4354 13
4354 20
4355 26
4355 9
4356 26
4357 20
4358 29
4358 26
4359 24
4359 10
4360 32
4361 38
4362 10
4363 25
4364 26
4365 11
4366 26
4367 10
4368 39
4369 24
4370 34
4371 24
4372 34
4372 26
4373 11
4374 11
4375 26
4375 22
4376 26
4377 30
4378 29
4379 34
4380 39
4380 26
4381 24
4382 26
4383 22
4383 10
4384 26
4385 29
4386 3
4387 24
4388 6
4389 16
4390 28
4391 38
4392 38
4393 39
4394 3
4394 20
4395 26
4396 39
4396 9
4397 11
4398 34
4399 20
4400 26
4400 30
4401 38
4402 26
4402 30
4403 9
4404 26
4405 26
4406 38
4406 26
4407 25
4408 3
4409 9
4410 6
4411 26
4412 9
4413 39
4413 26
4414 20
4415 20
4416 38
4417 26
4418 29
4418 26
4419 39
4419 26
4420 30
4421 38
4422 26
4423 26
4424 32
4424 26
4425 29
4425 22
4426 26
4426 10
4427 3
4428 20
4429 30
4429 10
4430 38
4431 30
4432 24
4432 10
4433 26
4434 27
4435 29
4436 26
4437 11
4438 26
4439 39
4440 26
4441 38
4441 26
4442 26
4443 27
4443 30
4444 34
4445 10
4446 38
4446 26
4447 39
4448 26
4449 39
4450 24
4451 13
4452 39
4453 24
4453 26
4454 26
4454 9
4455 26
4455 10
4456 39
4457 9
4458 27
4458 30
4459 26
4460 29
4461 30
4462 26
4463 34
4464 22
4465 38
4466 39
4467 26
4467 30
4468 22
4469 24
4470 39
4471 3
4472 38
4473 26
4474 11
4475 38
4475 39
4476 25
4477 37
4477 25
4477 26
4477 8
4477 20
4478 10
4479 39
4480 26
4480 30
4481 25
4481 26
4482 13
4483 25
4484 39
4485 26
4486 32
4487 25
4487 26
4488 13
4489 39
4490 29
4491 38
4491 26
4492 26
4492 10
4493 30
4493 10
4494 32
4494 25
4495 26
4495 8
4496 26
4497 38
4498 26
4499 38
4500 25
4500 10
4501 26
4501 10
4502 32
4503 32
4504 34
4505 30
4505 10
4506 26
4507 8
4508 27
4509 22
4510 32
4510 26
4511 39
4511 26
4512 26
4512 22
4513 38
4513 24
4513 10
4514 34
4514 10
4515 30
4516 26
4516 30
4517 24
4517 10
4518 26
4519 29
4519 26
4520 29
4521 38
4522 29
4523 38
4523 26
4524 26
4525 39
4525 26
4526 0
4527 38
4528 34
4528 26
4529 38
4530 25
4531 10
4532 34
4532 10
4533 38
4534 11
4534 26
4535 11
4536 11
4537 22
4538 26
4538 22
4539 10
4540 28
4541 26
4542 32
4543 10
4544 26
4544 10
4545 34
4546 29
4546 26
4547 8
4548 26
4549 29
4549 26
4550 24
4551 38
4552 34
4553 22
4554 32
4555 26
4555 20
4556 26
4557 22
4558 22
4559 39
4560 24
4560 26
4561 24
4562 20
4563 10
4564 26
4565 29
4566 20
4567 26
4567 16
4568 38
4569 27
4569 26
4570 24
4571 39
4572 26
4573 29
4573 26
4574 38
4575 25
4576 10
4577 29
4577 26
4578 26
4579 29
4579 10
4580 39
4581 9
4582 38
4583 9
4584 38
4585 16
4586 27
4586 26
4587 26
4587 10
4588 26
4589 32
4589 22
4590 11
4591 39
4592 30
4592 10
4593 27
4594 9
4595 34
4595 39
4596 29
4596 25
4596 26
4596 10
4597 20
4598 38
4599 34
4600 38
4601 38
4602 29
4603 39
4604 0
4604 26
4604 10
4604 20
4605 24
4606 38
4606 26
4607 26
4607 10
4608 24
4608 26
4609 6
4609 26
4610 26
4610 16
4611 26
4611 30
4612 39
4612 9
4613 26
4613 20
4614 24
4615 39
4616 29
4617 25
4617 26
4618 30
4618 10
4619 26
4620 39
4620 26
4621 39
4622 9
4623 13
4624 34
4625 26
4625 10
4625 20
4626 24
4626 10
4627 29
4627 26
4628 20
4629 11
4630 3
4631 34
4632 26
4633 39
4633 26
4634 10
4635 11
4636 29
4637 24
4637 10
4638 39
4638 26
4639 34
4639 10
4640 11
4641 34
4642 13
4643 26
4644 39
4645 30
4645 10
4646 38
4647 34
4647 39
4647 26
4648 38
4649 26
4650 39
4650 25
4651 29
4651 10
4652 26
4653 34
4654 26
4655 34
4656 38
4657 26
4658 38
4659 39
4660 29
4661 26
4662 24
4663 6
4663 30
4664 39
4664 10
4665 26
4666 30
4667 30
4668 10
4669 26
4669 30
4669 10
4670 39
4671 6
4671 26
4672 34
4673 20
4674 10
4675 34
4676 39
4677 26
4677 16
4678 13
4679 22
4680 25
4680 26
4681 38
4682 34
4682 25
4683 22
4684 39
4685 6
4685 39
4686 39
4687 11
4687 26
4688 24
4689 26
4689 22
4690 32
4690 26
4691 9
4692 39
4693 26
4694 30
4695 34
4696 10
4697 39
4698 10
4699 22
4700 25
4701 22
4702 20
4703 10
4704 30
4705 13
4706 32
4707 26
4708 38
4709 29
4710 38
4711 29
4712 26
4712 9
4713 26
4714 26
4715 26
4715 22
4716 29
4716 25
4717 38
4718 38
4718 26
4719 38
4720 26
4721 26
4721 20
4722 3
4723 39
4724 25
4725 30
4726 38
4727 20
4728 30
4729 20
4730 39
4731 26
4731 9
4732 24
4733 39
4734 38
4735 13
4736 26
4737 25
4737 26
4738 0
4739 8
4740 39
4740 26
4741 26
4742 24
4743 32
4744 34
4744 26
4745 10
4746 29
4747 25
4747 26
4748 13
4749 39
4749 26
4749 10
4750 9
4751 34
4752 25
4753 22
4754 32
4755 10
4756 20
4757 38
4758 10
4759 28
4760 32
4761 26
4762 26
4763 32
4763 26
4764 24
4764 10
4765 3
4766 39
4767 29
4768 39
4768 10
4769 29
4769 25
4770 26
4770 30
4771 34
4771 39
4772 11
4773 24
4774 3
4775 26
4775 10
4776 26
4777 9
4777 10
4778 26
4779 10
4780 26
4781 30
4782 25
4782 26
4783 26
4784 27
4785 3
4786 26
4787 26
4788 30
4789 25
4789 26
4790 25
4791 34
4792 38
4792 10
4793 28
4794 29
4795 11
4796 39
4797 3
4798 22
4799 24
4799 10
4800 26
4801 13
4802 39
4803 38
4804 30
4805 0
4806 39
4806 26
4807 38
4807 10
4808 38
4808 24
4809 25
4809 26
4810 22
4811 26
4812 10
4813 38
4814 10
4815 26
4815 30
4816 39
4817 25
4817 10
4818 26
4819 26
4819 10
4820 38
4821 24
4822 32
4823 29
4823 26
4824 26
4825 26
4826 11
4826 26
4826 10
4827 38
4828 38
4829 26
4829 10
4830 30
4831 29
4832 39
4832 26
4833 38
4834 39
4834 26
4835 26
4835 10
4836 34
4837 25
4837 26
4838 38
4838 24
4839 39
4839 9
4840 13
4841 6
4842 39
4842 10
4843 39
4844 29
4845 34
4846 26
4847 11
4847 26
4848 24
4848 10
4849 38
4849 10
4850 22
4851 32
4852 29
4852 10
4853 39
4854 22
4855 29
4855 26
4856 34
4857 22
4858 38
4859 30
4859 10
4860 25
4861 38
4862 38
4862 0
4863 10
4864 22
4865 38
4865 26
4865 10
4866 10
4867 39
4868 0
4869 38
4869 0
4870 6
4871 34
4872 39
4872 26
4873 29
4873 9
4874 22
4875 10
4876 26
4877 39
4878 26
4879 22
4880 29
4881 29
4882 13
4882 14
4883 26
4884 9
4885 27
4886 38
4887 34
4888 26
4889 29
4890 38
4891 34
4892 25
4893 26
4894 38
4895 34
4896 29
4896 26
4897 11
4897 26
4898 24
4899 34
4900 39
4900 26
4900 9
4901 38
4902 34
4903 10
4904 26
4905 29
4905 11
4906 13
4907 26
4908 25
4909 34
4910 29
4910 26
4911 25
4912 24
4913 38
4914 28
4915 20
4916 11
4917 25
4917 26
4918 34
4919 29
4920 34
4920 26
4921 26
4922 39
4922 26
4923 34
4924 34
4924 26
4925 39
4925 26
4925 9
4925 10
4926 26
4927 38
4928 24
4929 38
4930 38
4931 39
4932 29
4932 26
4933 29
4934 13
4935 26
4936 39
4937 30
4938 13
4938 26
4939 26
4940 38
4941 26
4942 32
4942 26
4943 25
4943 26
4944 34
4944 26
4944 22
4945 39
4945 26
4946 3
4947 22
4948 39
4948 10
4949 26
4950 26
4951 13
4952 26
4953 20
4954 32
4954 26
4954 20
4955 26
4956 29
4956 25
4957 29
4958 32
4958 26
4959 26
4960 38
4961 10
4962 38
4963 27
4964 29
4964 34
4965 26
4965 9
4966 26
4966 22
4967 32
4968 38
4968 26
4969 10
4970 38
4970 26
4970 10
4971 24
4971 10
4972 38
4972 26
4973 30
4974 20
4975 26
4975 9
4976 0
4977 26
4978 39
4979 9
4980 0
4980 26
4980 10
4981 26
4982 34
4982 25
4983 39
4984 38
4985 39
4986 34
4986 26
4986 10
4987 34
4988 25
4989 38
4990 13
4990 26
4991 26
4992 26
4993 34
4994 10
4995 32
4996 38
4996 26
4997 24
4998 10
4999 10
5000 39
5000 26
5001 11
5002 39
5003 39
5004 32
5005 26
5005 9
5006 29
5006 26
5007 26
5008 38
5008 26
5009 39
5009 26
5010 26
5011 26
5012 26
5013 39
5014 29
5015 30
5016 39
5017 8
5018 39
5019 26
5020 26
5021 30
5022 26
5022 10
5023 38
5023 26
5024 6
5025 29
5026 38
5026 24
5027 25
5028 39
5029 24
5029 26
5030 38
5031 38
5031 26
5032 20
5033 26
5034 24
5035 38
5035 26
5036 39
5037 29
5037 26
5038 24
5038 29
5039 21
5040 24
5041 34
5042 38
5043 39
5044 24
5045 34
5046 26
5047 26
5048 29
5048 26
5049 24
5050 38
5051 26
5051 30
5051 10
5052 39
5052 26
5053 32
5053 26
5054 10
5055 30
5056 25
5057 26
5058 38
5058 26
5058 10
5059 38
5060 27
5061 27
5062 38
5063 32
5064 13
5065 29
5065 26
5066 26
5067 38
5068 26
5069 9
5070 24
5071 39
5071 26
5072 26
5072 9
5073 26
5074 26
5075 26
5076 24
5077 34
5078 39
5079 38
5080 10
5081 13
5082 29
5082 26
5083 34
5084 26
5084 9
5085 26
5086 9
5087 22
5088 9
5089 28
5089 10
5090 13
5091 26
5092 10
5093 29
5094 26
5095 27
5095 30
5095 10
5096 26
5097 8
5098 26
5099 34
5100 38
5101 25
5102 26
5102 30
5103 26
5104 25
5104 26
5105 26
5106 29
5107 11
5107 25
5108 38
5109 38
5109 10
5110 38
5111 26
5112 0
5112 29
5113 3
5114 3
5115 10
5116 26
5117 29
5117 25
5118 26
5118 20
5119 26
5120 20
5121 38
5121 26
5122 30
5123 26
5124 29
5124 26
5125 13
5126 34
5127 38
5127 10
5128 39
5129 29
5130 3
5131 34
5131 26
5132 16
5133 26
5134 34
5135 25
5136 13
5137 26
5138 26
5139 29
5139 25
5140 21
5141 26
5142 34
5143 3
5143 8
5143 21
5144 6
5145 26
5146 32
5147 29
5147 26
5148 29
5149 27
5150 8
5151 34
5152 24
5152 10
5153 26
5154 38
5155 34
5155 26
5156 38
5156 39
5157 26
5157 9
5158 10
5159 27
5160 9
5161 29
5161 20
5162 25
5163 26
5164 25
5165 39
5166 24
5166 10
5167 24
5167 29
5167 10
5167 20
5168 38
5169 26
5169 10
5170 26
5171 26
5172 11
5173 32
5174 38
5174 32
5174 29
5174 10
5175 26
5176 26
5177 39
5177 26
5177 10
5178 26
5179 39
5180 38
5181 39
5182 26
5182 20
5183 11
5183 25
5184 39
5185 28
5185 10
5186 34
5187 26
5187 30
5188 25
5188 26
5189 32
5190 10
5191 29
5192 38
5192 26
5193 26
5194 20
5195 13
5196 38
5196 10
5197 30
5198 26
5199 38
5200 10
5201 26
5202 11
5203 26
5204 11
5204 26
5205 11
5206 20
5207 24
5207 26
5208 39
5209 0
5210 26
5210 9
5211 39
5211 26
5212 25
5212 26
5213 34
5214 32
5215 26
5216 39
5217 24
5217 26
5218 13
5219 26
5220 29
5220 26
5221 20
5222 10
5223 30
5224 10
5225 20
5226 38
5226 26
5227 26
5228 39
5229 22
5230 26
5230 9
5231 10
5232 24
5233 26
5234 30
5234 10
5235 38
5236 8
5237 29
5238 26
5239 32
5239 10
5240 29
5240 25
5240 26
5241 25
5241 26
5242 29
5242 26
5243 10
5244 38
5244 0
5245 39
5246 11
5246 26
5247 34
5247 39
5248 0
5248 26
5248 8
5248 21
5249 10
5250 22
5251 9
5252 26
5253 0
5254 21
5255 24
5256 39
5257 26
5258 6
5258 26
5259 34
5260 30
5260 10
5261 29
5262 30
5263 39
5263 11
5264 26
5264 10
5265 0
5266 25
5266 10
5267 29
5268 32
5269 32
5270 29
5271 10
5272 26
5273 34
5273 26
5274 38
5274 26
5275 39
5276 29
5277 25
5278 27
5279 38
5279 26
5280 34
5281 26
5282 6
5283 8
5284 26
5285 22
5286 34
5287 24
5288 25
5289 26
5289 10
5290 26
5291 11
5292 24
5293 26
5294 8
5295 39
5296 38
5296 26
5297 38
5298 24
5298 10
5299 6
5300 28
5301 32
5301 22
5302 39
5303 11
5304 26
5305 39
5306 34
5306 10
5307 0
5307 26
5308 38
5308 26
5309 34
5310 29
5311 38
5312 24
5313 38
5313 26
5314 24
5315 29
5315 9
5316 20
5317 38
5318 34
5318 10
5319 30
5320 39
5321 39
5322 38
5323 39
5323 22
5324 38
5325 25
5325 26
5326 10
5327 26
5327 10
5328 30
5328 10
5329 25
5330 32
5331 38
5332 25
5333 20
5334 39
5334 26
5335 38
5336 25
5337 22
5338 11
5339 26
5340 13
5341 39
5342 26
5342 10
5343 32
5343 26
5344 25
5344 26
5345 26
5345 9
5346 30
5347 9
5347 10
5348 8
5349 24
5350 26
5351 24
5351 10
5352 25
5353 37
5353 13
5353 26
5354 10
5355 10
5356 26
5357 38
5358 26
5359 8
5360 38
5360 24
5360 26
5361 24
5362 34
5363 10
5364 34
5365 39
5366 20
5367 10
5368 24
5368 10
5369 26
5370 26
5370 10
5371 38
5371 24
5372 24
5373 24
5373 26
5374 26
5374 30
5374 10
5375 11
5376 39
5376 10
5377 25
5378 26
5379 26
5380 26
5380 30
5381 22
5382 26
5382 10
5383 26
5384 10
5385 39
5386 26
5386 10
5387 26
5388 26
5389 26
5389 10
5390 29
5391 10
5392 38
5393 38
5394 25
5395 39
5396 20
5397 38
5398 25
5398 26
5399 26
5400 29
5400 26
5401 34
5402 34
5402 11
5403 34
5404 26
5405 25
5406 30
5406 10
5407 28
5407 26
5408 20
5409 11
5410 26
5411 26
5411 9
5412 25
5413 26
5414 29
5415 11
5416 20
5417 39
5418 24
5418 26
5419 25
5420 25
5420 10
5421 38
5422 3
5423 39
5424 39
5425 26
5426 26
5426 9
5427 29
5427 26
5428 38
5429 20
5430 29
5430 25
5431 26
5432 39
5432 26
5433 6
5433 39
5433 26
5434 26
5435 34
5436 39
5436 26
5437 0
5438 26
5438 9
5439 26
5439 30
5440 26
5441 25
5442 9
5443 32
5444 25
5445 30
5446 26
5447 29
5447 9
5448 38
5449 25
5450 28
5450 29
5451 39
5452 29
5452 25
5453 30
5454 26
5455 16
5456 27
5456 30
5456 10
5457 26
5457 22
5458 30
5459 26
5460 26
5461 26
5462 11
5463 38
5464 32
5465 0
5466 34
5466 22
5467 30
5468 30
5469 29
5470 34
5470 26
5470 9
5471 39
5472 29
5473 34
5474 10
5475 26
5476 39
5477 26
5477 20
5478 26
5479 25
5479 22
5480 26
5481 26
5482 25
5482 10
5483 32
5484 22
5485 6
5485 26
5486 26
5487 38
5488 29
5489 20
5490 6
5490 26
5491 26
5492 32
5493 26
5494 30
5495 39
5496 39
5497 38
5497 26
5498 20
5499 32
5500 26
5501 29
5502 26
5502 10
5503 11
5503 25
5504 26
5505 39
5506 26
5507 11
5507 26
5508 26
5509 25
5510 29
5511 9
5512 26
5513 26
5514 30
5515 21
5516 34
5516 26
5517 20
5518 27
5519 39
5520 6
5520 26
5521 9
5522 38
5523 34
5523 26
5524 32
5524 26
5525 10
5526 9
5527 38
5528 11
5529 30
5530 11
5531 26
5532 30
5533 26
5534 39
5535 34
5536 16
5537 29
5538 10
5539 26
5540 39
5541 34
5541 26
5542 32
5542 26
5543 39
5544 26
5545 26
5546 39
5547 10
5548 39
5549 26
5549 10
5550 29
5551 10
5552 29
5552 26
5553 26
5554 11
5555 24
5556 22
5557 20
5558 20
5559 26
5560 10
5561 29
5561 26
5562 29
5562 26
5563 29
5563 26
5564 39
5565 38
5566 38
5567 26
5568 16
5569 6
5569 34
5570 26
5571 29
5572 24
5573 39
5573 26
5574 30
5574 10
5575 29
5575 26
5576 29
5576 26
5577 20
5578 39
5579 26
5580 26
5581 26
5582 34
5583 26
5584 38
5585 24
5586 10
5587 38
5587 34
5588 26
5589 38
5590 26
5591 38
5592 20
5593 32
5593 26
5594 26
5594 30
5595 25
5595 26
5596 32
5597 24
5597 10
5598 9
5599 25
5600 34
5600 10
5601 38
5601 26
5602 25
5602 10
5603 9
5604 26
5605 20
5606 11
5607 34
5607 10
5608 26
5608 9
5609 26
5610 21
5611 32
5612 39
5612 26
5613 8
5614 24
5615 24
5616 0
5616 34
5617 26
5618 28
5619 11
5620 25
5621 39
5622 10
5623 38
5624 25
5625 26
5626 25
5626 26
5627 39
5627 26
5628 26
5628 30
5629 26
5629 8
5630 26
5631 11
5631 16
5632 10
5633 13
5634 25
5635 30
5636 38
5637 29
5637 10
5638 13
5639 24
5640 34
5641 26
5642 26
5643 25
5644 26
5644 22
5645 13
5646 25
5646 26
5647 29
5647 26
5648 32
5648 26
5649 30
5650 39
5651 32
5651 26
5652 9
5653 20
5654 9
5655 38
5656 34
5657 11
5658 26
5659 24
5660 26
5661 26
5662 38
5663 30
5664 9
5665 38
5666 20
5667 25
5668 26
5669 38
5670 26
5671 39
5671 26
5672 38
5673 39
5674 29
5674 10
5675 26
5676 32
5676 26
5677 26
5677 10
5678 34
5679 38
5680 39
5681 10
5682 39
5683 10
5684 32
5684 30
5685 32
5686 25
5687 30
5687 10
5688 8
5689 8
5690 25
5691 25
5692 24
5692 26
5693 26
5694 32
5694 10
5695 26
5695 30
5695 10
5696 34
5697 26
5698 24
5698 26
5699 10
5700 24
5701 32
5702 34
5703 10
5704 39
5705 39
5706 29
5706 26
5707 26
5708 38
5709 3
5710 24
5710 10
5711 38
5711 26
5712 39
5713 39
5713 26
5714 26
5714 30
5715 39
5716 29
5716 10
5717 38
5718 20
5719 29
5720 26
5720 10
5721 26
5721 9
5722 32
5722 26
5723 38
5724 9
5725 29
5726 38
5727 39
5728 20
5729 34
5729 26
5730 26
5731 29
5732 20
5733 26
5733 9
5734 26
5735 29
5735 34
5736 26
5737 26
5738 29
5738 25
5738 26
5738 10
5739 26
5739 16
5740 25
5740 26
5741 30
5742 25
5743 10
5744 25
5745 34
5745 39
5746 39
5747 0
5748 24
5748 26
5749 24
5750 20
5751 39
5751 26
5752 26
5753 39
5754 27
5754 26
5755 25
5755 26
5756 10
5757 26
5758 39
5759 10
5760 26
5761 39
5761 26
5762 26
5762 22
5763 25
5763 26
5763 20
5764 38
5764 10
5765 26
5766 26
5767 26
5768 29
5768 26
5768 20
5769 39
5770 26
5771 26
5772 29
5773 26
5774 34
5774 39
5775 8
5775 20
5776 26
5777 32
5777 26
5778 38
5779 25
5779 26
5780 30
5781 32
5782 26
5783 38
5784 26
5785 32
5786 29
5786 26
5786 9
5787 22
5788 6
5789 26
5790 11
5791 26
5791 9
5792 8
5793 29
5794 26
5794 10
5795 11
5796 11
5797 24
5798 13
5799 27
5800 24
5801 38
5802 24
5803 32
5804 38
5805 29
5805 26
5806 26
5806 22
5807 22
5808 26
5809 32
5810 39
5811 27
5811 30
5811 10
5812 22
5813 26
5814 20
5815 34
5816 26
5816 20
5817 11
5818 39
5819 26
5820 39
5820 26
5820 22
5821 29
5821 25
5822 32
5823 26
5823 30
5824 39
5825 26
5826 26
5827 6
5828 34
5829 38
5830 39
5830 26
5831 26
5832 25
5832 26
5833 16
5834 38
5835 39
5836 39
5837 38
5837 34
5838 39
5839 26
5840 13
5840 26
5840 20
5841 38
5841 26
5841 10
5842 34
5843 39
5843 26
5844 32
5844 26
5845 24
5846 27
5847 29
5848 24
5849 27
5850 39
5851 24
5851 26
5852 34
5853 16
5854 38
5855 25
5855 26
5856 29
5857 38
5857 26
5858 24
5859 38
5860 29
5861 13
5862 38
5862 26
5863 11
5864 13
5865 32
5866 25
5867 29
5867 26
5867 9
5867 10
5868 6
5869 34
5870 26
5871 20
5872 39
5873 26
5874 34
5875 3
5876 39
5877 39
5878 26
5879 26
5880 39
5880 26
5881 27
5881 26
5882 30
5883 26
5884 22
5885 29
5886 11
5887 30
5888 29
5889 38
5890 26
5891 26
5892 34
5893 9
5893 10
5894 22
5895 11
5895 26
5896 29
5897 24
5897 26
5898 29
5899 26
5899 30
5899 10
5900 11
5901 26
5902 26
5903 32
5904 32
5904 26
5905 34
5906 26
5906 10
5907 26
5908 25
5909 26
5910 26
5910 9
5911 29
5912 38
5913 34
5914 27
5915 34
5916 26
5916 9
5917 39
5917 20
5918 30
5919 11
5920 0
5921 34
5922 10
5923 30
5924 6
5925 28
5926 39
5927 30
5928 27
5929 26
5930 26
5931 26
5932 20
5933 24
5933 0
5934 29
5934 26
5935 32
5935 10
5936 26
5937 26
5938 3
5939 26
5940 39
5941 39
5942 32
5943 29
5944 24
5945 29
5945 26
5946 38
5947 26
5947 30
5948 6
5948 26
5949 26
5949 30
5950 10
5951 26
5951 30
5952 3
5953 22
5953 20
5954 20
5955 39
5955 26
5956 26
5956 9
5957 39
5958 3
5959 26
5960 38
5961 30
5962 26
5963 16
5964 26
5964 10
5965 34
5965 26
5966 39
5967 9
5968 39
5969 26
5969 10
5970 26
5971 6
5971 39
5972 0
5973 38
5974 10
5975 32
5975 10
5976 25
5976 26
5977 26
5978 10
5979 26
5980 13
5981 24
5982 26
5982 9
5983 29
5983 39
5983 25
5983 26
5984 34
5985 34
5986 25
5987 38
5988 29
5988 11
5988 26
5989 34
5990 29
5990 26
5991 30
5992 6
5992 26
5993 38
5994 39
5995 34
5996 26
5997 26
5998 34
5999 11
6000 25
6000 26
6001 34
6001 25
6002 9
6003 30
6004 20
6005 26
6006 26
6007 26
6007 30
6008 29
6008 26
6009 26
6010 20
6011 22
6011 10
6012 25
6013 26
6014 13
6015 28
6015 10
6016 24
6016 26
6017 24
6018 13
6019 39
6019 26
6020 3
6021 39
6022 38
6023 26
6024 8
6025 10
6026 24
6027 10
6028 29
6029 6
6030 22
6031 34
6031 26
6032 38
6033 25
6034 26
6034 10
6035 29
6036 22
6037 26
6038 13
6039 39
6040 30
6041 34
6042 32
6043 39
6044 13
6045 26
6045 10
6046 34
6047 38
6048 32
6049 38
6049 28
6050 25
6051 9
6052 26
6052 20
6053 27
6053 10
6054 26
6055 20
6056 32
6056 26
6057 10
6058 13
6059 39
6060 8
6061 32
6062 24
6063 30
6064 34
6065 34
6066 24
6066 26
6067 32
6067 26
6068 25
6069 26
6070 32
6071 26
6072 38
6072 26
6073 24
6074 26
6075 10
6076 26
6077 22
6078 26
6079 39
6080 13
6081 38
6081 26
6082 10
6083 20
6084 34
6084 26
6085 22
6086 10
6087 10
6088 13
6089 0
6090 34
6091 11
6091 26
6092 26
6093 22
6094 10
6095 26
6096 21
6097 26
6098 26
6099 32
6100 32
6100 10
6101 39
6102 6
6103 24
6103 10
6104 28
6104 26
6104 10
6105 24
6106 11
6106 26
6107 22
6108 28
6108 26
6109 27
6110 25
6110 26
6111 26
6111 10
6112 6
6113 30
6114 39
6115 24
6116 25
6117 26
6117 30
6118 26
6118 9
6119 29
6120 34
6121 13
6121 26
6122 26
6122 30
6123 26
6123 8
6124 27
6124 26
6124 10
6125 34
6126 29
6127 25
6128 34
6129 9
6130 34
6130 26
