1000320 0
1000588 1
1001626 2
1002903 3
1004242 4
1004781 5
1006764 6
1007400 7
1008249 8
1008348 9
1009375 10
1014192 11
1018536 12
1021587 13
1022718 14
1023284 15
1023907 16
1023968 17
1023978 18
1026917 19
1028319 20
1028595 21
1030595 22
1034579 23
1035351 24
1035699 25
1035733 26
1036260 27
1037049 28
1037973 29
1038420 30
1038965 31
1040237 32
1040517 33
1043529 34
1043973 35
1045821 36
1047299 37
1048902 38
1049586 39
1052215 40
1053474 41
1053794 42
1053857 43
1054882 44
1055057 45
1058259 46
1060275 47
1064116 48
1066530 49
1067135 50
1067269 51
1067294 52
1067500 53
1067807 54
1076023 55
1076675 56
1076829 57
1077408 58
1077990 59
1079111 60
1080116 61
1080127 62
1081256 63
1081746 64
1085495 65
1085669 66
1087504 67
1088007 68
1088300 69
1089430 70
1090155 71
1090278 72
1093283 73
1093442 74
1093817 75
1095838 76
1097836 77
1098444 78
1098909 79
1099295 80
1102175 81
1102580 82
1105434 83
1105538 84
1105548 85
1106623 86
1107438 87
1107439 88
1110786 89
1111642 90
1111699 91
1111907 92
1112730 93
1112991 94
1114164 95
1114386 96
1115018 97
1115197 98
1116279 99
1117227 100
1119626 101
1121835 102
1124563 103
1125064 104
1125465 105
1126117 106
1127115 107
1127465 108
1127657 109
1133787 110
1140636 111
1141449 112
1141450 113
1145636 114
1145811 115
1145972 116
1146723 117
1150348 118
1151782 119
1152510 120
1153237 121
1153930 122
1154653 123
1155978 124
1158912 125
1160293 126
1161199 127
1163142 128
1163347 129
1163454 130
1163673 131
1164580 132
1165338 133
1166037 134
1171783 135
1172986 136
1173974 137
1175853 138
1177886 139
1177935 140
1177962 141
1177975 142
1180825 143
1180978 144
1181442 145
1184838 146
1185021 147
1185496 148
1186714 149
1189358 150
1189569 151
1190048 152
1193530 153
1195076 154
1196884 155
1198197 156
1198203 157
1199153 158
1200050 159
1203975 160
1204229 161
1208736 162
1211934 163
1212329 164
1212480 165
1215265 166
1217400 167
1219644 168
1220961 169
1222570 170
1222681 171
1223920 172
1225100 173
1228575 174
1229021 175
1231187 176
1231660 177
1232375 178
1233615 179
1237546 180
1237667 181
1237860 182
1238357 183
1238840 184
1239259 185
1244335 186
1245528 187
1245759 188
1246399 189
1248862 190
1250454 191
1250723 192
1252335 193
1252999 194
1253936 195
1254611 196
1255928 197
1257592 198
1257843 199
1261712 200
1266449 201
1267128 202
1267810 203
1268593 204
1269598 205
1271263 206
1271594 207
1272175 208
1275020 209
1277334 210
1279408 211
1280287 212
1280353 213
1283433 214
1284631 215
1284807 216
1286985 217
1288058 218
1289093 219
1290614 220
1290967 221
1291301 222
1292881 223
1293399 224
1294322 225
1295384 226
1296784 227
1300360 228
1303191 229
1304439 230
1304504 231
1308083 232
1308414 233
1311894 234
1312002 235
1313667 236
1314274 237
1315594 238
1315814 239
1319695 240
1322548 241
1324307 242
1326115 243
1327050 244
1330189 245
1331281 246
1332094 247
1337205 248
1339565 249
1340451 250
1341839 251
1344054 252
1348520 253
1349035 254
1349572 255
1350296 256
1352105 257
1355007 258
1356398 259
1356734 260
1357772 261
1358034 262
1359716 263
1360369 264
1361147 265
1362309 266
1362471 267
1362755 268
1363720 269
1365389 270
1366475 271
1367094 272
1367295 273
1367587 274
1368493 275
1368625 276
1368776 277
1370394 278
1371299 279
1372080 280
1372512 281
1372547 282
1373791 283
1374356 284
1376056 285
1376288 286
1376688 287
1377477 288
1378310 289
1378895 290
1379482 291
1379495 292
1380119 293
1381872 294
1382075 295
1382150 296
1383703 297
1384733 298
1386123 299
1387218 300
1390535 301
1391103 302
1391216 303
1393229 304
1393405 305
1393423 306
1394801 307
1395452 308
1395843 309
1396234 310
1397715 311
1399025 312
1400550 313
1401126 314
1404515 315
1406281 316
1406445 317
1411221 318
1414219 319
1415528 320
1416500 321
1417593 322
1420005 323
1420627 324
1421293 325
1421544 326
1423117 327
1425136 328
1425984 329
1426919 330
1428980 331
1429102 332
1430607 333
1430711 334
1433238 335
1435042 336
1437894 337
1438344 338
1439771 339
1441898 340
1442361 341
1444141 342
1444495 343
1444716 344
1446458 345
1449733 346
1450572 347
1450631 348
1451864 349
1454005 350
1454362 351
1455383 352
1456630 353
1459147 354
1459248 355
1460110 356
1461224 357
1463173 358
1463646 359
1463903 360
1465216 361
1465922 362
1472124 363
1474128 364
1474366 365
1475533 366
1478177 367
1480459 368
1481071 369
1482972 370
1483123 371
1483598 372
1484119 373
1484578 374
1485841 375
1486275 376
1486674 377
1488261 378
1488367 379
1489564 380
1490567 381
1491606 382
1491919 383
1492560 384
1493193 385
1493982 386
1495568 387
1495802 388
1495829 389
1498081 390
1498789 391
1499045 392
1499788 393
1504510 394
1505691 395
1506526 396
1506958 397
1509543 398
1513452 399
1514269 400
1514484 401
1515889 402
1516804 403
1519356 404
1519843 405
1520062 406
1520734 407
1521946 408
1523110 409
1523329 410
1523558 411
1524115 412
1525151 413
1526732 414
1527159 415
1528172 416
1528308 417
1528795 418
1529115 419
1529905 420
1530315 421
1531183 422
1532294 423
1533192 424
1533275 425
1533308 426
1533664 427
1534064 428
1534229 429
1534634 430
1535318 431
1536713 432
1539019 433
1540393 434
1540549 435
1541458 436
1541749 437
1542537 438
1542545 439
1542601 440
1543495 441
1544340 442
1545030 443
1545332 444
1546591 445
1547088 446
1547099 447
1547414 448
1547432 449
1548868 450
1550349 451
1551773 452
1552054 453
1552946 454
1554885 455
1555639 456
1557740 457
1558937 458
1558998 459
1559188 460
1560422 461
1560472 462
1560630 463
1560975 464
1561152 465
1561730 466
1561773 467
1564088 468
1565709 469
1566159 470
1566386 471
1566652 472
1567202 473
1567354 474
1568817 475
1568829 476
1569065 477
1569264 478
1569641 479
1570515 480
1572165 481
1575215 482
1575968 483
1576081 484
1576212 485
1578682 486
1579448 487
1580284 488
1580821 489
1581297 490
1582391 491
1583602 492
1583931 493
1584070 494
1584434 495
1584571 496
1585469 497
1586480 498
1590343 499
1590697 500
1591370 501
1593150 502
1593151 503
1593262 504
1595056 505
1595146 506
1595387 507
1595931 508
1597030 509
1599338 510
1599620 511
1600203 512
1600697 513
1600885 514
1601428 515
1601473 516
1601522 517
1601638 518
1602662 519
1602853 520
1603955 521
1604111 522
1604128 523
1604269 524
1605137 525
1606974 526
1607171 527
1607247 528
1607297 529
1609466 530
1610298 531
1611686 532
1612955 533
1613151 534
1613855 535
1613885 536
1613964 537
1615726 538
1618995 539
1620026 540
1620235 541
1622467 542
1622949 543
1624212 544
1624328 545
1625541 546
1631503 547
1635113 548
1636307 549
1636344 550
1639884 551
1641586 552
1643401 553
1644200 554
1644246 555
1644444 556
1647207 557
1647823 558
1648290 559
1648597 560
1652001 561
1652010 562
1652918 563
1652920 564
1654698 565
1655013 566
1655726 567
1655907 568
1656654 569
1656708 570
1657579 571
1658248 572
1658662 573
1659085 574
1659101 575
1660459 576
1660868 577
1661169 578
1661597 579
1661726 580
1662724 581
1662909 582
1663652 583
1665199 584
1665875 585
1667002 586
1667231 587
1667848 588
1669254 589
1669715 590
1671534 591
1671679 592
1672456 593
1675887 594
1676148 595
1676754 596
1678057 597
1678240 598
1678490 599
1681015 600
1681466 601
1681602 602
1682272 603
1682685 604
1683136 605
1683958 606
1686150 607
1686345 608
1686725 609
1687274 610
1687699 611
1688565 612
1689396 613
1689422 614
1690378 615
1691827 616
1692509 617
1692865 618
1693122 619
1693460 620
1693526 621
1693634 622
1694115 623
1695107 624
1695507 625
1695822 626
1697101 627
1698510 628
1698726 629
1700076 630
1702513 631
1702576 632
1702970 633
1702987 634
1703580 635
1704107 636
1705243 637
1708402 638
1709896 639
1710706 640
1711019 641
1713252 642
1714362 643
1714515 644
1715230 645
1715328 646
1717335 647
1717511 648
1718215 649
1719334 650
1720336 651
1721413 652
1722217 653
1723156 654
1723672 655
1723738 656
1725254 657
1725338 658
1725732 659
1725857 660
1726621 661
1727689 662
1729016 663
1729364 664
1729921 665
1730409 666
1730564 667
1730989 668
1731871 669
1732227 670
1732489 671
1732527 672
1732973 673
1733539 674
1733726 675
1734927 676
1735878 677
1736547 678
1738725 679
1738848 680
1739272 681
1740324 682
1741217 683
1741218 684
1741366 685
1741387 686
1741642 687
1742618 688
1743042 689
1743282 690
1743854 691
1745430 692
1745625 693
1746100 694
1746462 695
1747038 696
1747619 697
1747912 698
1748017 699
1748258 700
1748327 701
1750495 702
1750923 703
1751110 704
1752062 705
1754918 706
1757010 707
1757391 708
1757657 709
1758043 710
1758210 711
1758828 712
1758928 713
1761326 714
1762052 715
1762137 716
1762358 717
1763527 718
1763783 719
1765986 720
1768451 721
1768497 722
1768745 723
1768787 724
1768921 725
1769356 726
1769609 727
1769641 728
1769815 729
1769992 730
1770206 731
1772716 732
1774336 733
1775097 734
1775503 735
1775872 736
1776038 737
1776881 738
1777373 739
1779403 740
1779565 741
1782008 742
1782424 743
1783778 744
1785439 745
1785557 746
1785852 747
1786225 748
1786808 749
1787107 750
1788152 751
1791858 752
1791918 753
1791952 754
1792728 755
1795565 756
1797918 757
1798202 758
1799504 759
1800260 760
1800576 761
1800768 762
1800836 763
1801256 764
1802062 765
1802491 766
1803182 767
1803917 768
1804211 769
1804520 770
1805775 771
1805784 772
1806382 773
1806866 774
1807011 775
1807025 776
1807882 777
1808429 778
1808972 779
1809578 780
1809821 781
1809886 782
1810471 783
1811528 784
1811858 785
1811904 786
1812492 787
1812581 788
1812886 789
1814009 790
1814214 791
1814906 792
1816136 793
1816183 794
1816569 795
1816795 796
1817013 797
1817272 798
1819450 799
1820988 800
1821088 801
1821399 802
1821483 803
1821841 804
1822036 805
1822505 806
1823174 807
1823590 808
1826003 809
1827621 810
1827669 811
1828865 812
1829785 813
1829944 814
1830796 815
1831329 816
1832702 817
1832966 818
1833351 819
1834316 820
1834844 821
1836157 822
1836939 823
1837733 824
1837968 825
1838769 826
1839937 827
1840075 828
1840334 829
1840502 830
1840646 831
1840809 832
1841319 833
1842460 834
1843134 835
1843185 836
1843973 837
1844330 838
1845120 839
1845438 840
1846741 841
1847071 842
1847504 843
1847925 844
1848741 845
1851047 846
1853234 847
1853547 848
1854405 849
1854573 850
1854907 851
1855522 852
1855910 853
1855942 854
1857008 855
1857178 856
1857235 857
1857889 858
1858482 859
1858706 860
1858994 861
1859190 862
1859481 863
1860804 864
1861225 865
1862341 866
1863090 867
1863244 868
1863290 869
1863533 870
1864744 871
1865626 872
1866776 873
1867609 874
1867610 875
1870076 876
1870258 877
1870622 878
1871555 879
1872472 880
1874249 881
1874763 882
1875012 883
1876238 884
1876939 885
1877041 886
1877297 887
1877642 888
1877983 889
1878277 890
1878518 891
1879237 892
1880395 893
1881402 894
1881438 895
1882875 896
1883287 897
1883325 898
1883618 899
1884182 900
1884448 901
1884502 902
1885681 903
1886274 904
1886436 905
1887030 906
1887704 907
1887781 908
1888238 909
1888705 910
1888735 911
1888954 912
1889325 913
1890930 914
1891386 915
1892344 916
1892541 917
1892661 918
1893115 919
1893141 920
1893469 921
1895450 922
1895649 923
1897501 924
1897984 925
1898533 926
1899062 927
1899152 928
1899793 929
1900463 930
1900688 931
1901289 932
1901720 933
1902317 934
1902541 935
1902795 936
1903782 937
1905312 938
1906008 939
1906617 940
1906891 941
1907077 942
1907513 943
1907590 944
1909503 945
1910671 946
1911310 947
1911483 948
1912377 949
1914080 950
1914138 951
1917281 952
1917451 953
1919884 954
1921985 955
1922761 956
1922878 957
1923272 958
1923569 959
1923629 960
1924619 961
1924646 962
1924766 963
1925360 964
1925559 965
1926133 966
1926746 967
1926793 968
1927574 969
1927582 970
1928151 971
1929434 972
1929825 973
1930317 974
1930342 975
1930570 976
1931947 977
1932593 978
1933337 979
1933882 980
1934113 981
1934299 982
1934799 983
1935085 984
1936456 985
1936831 986
1937854 987
1937889 988
1938129 989
1938785 990
1939044 991
1939754 992
1941087 993
1942169 994
1942834 995
1943214 996
1943243 997
1944245 998
1944337 999
1944466 1000
1944601 1001
1945340 1002
1946220 1003
1946408 1004
1946714 1005
1947071 1006
1947121 1007
1947406 1008
1947577 1009
1948633 1010
1948875 1011
1950094 1012
1950580 1013
1951435 1014
1951784 1015
1952193 1016
1952487 1017
1952894 1018
1953091 1019
1953335 1020
1953878 1021
1954294 1022
1954701 1023
1954779 1024
1955175 1025
1955244 1026
1957226 1027
1957271 1028
1957304 1029
1957423 1030
1957949 1031
1957958 1032
1959083 1033
1960127 1034
1960176 1035
1961841 1036
1961882 1037
1962684 1038
1963664 1039
1964508 1040
1966478 1041
1967238 1042
1967578 1043
1968012 1044
1968202 1045
1969181 1046
1969959 1047
1970421 1048
1971855 1049
1971912 1050
1971986 1051
1972185 1052
1972690 1053
1973249 1054
1973272 1055
1974747 1056
1975380 1057
1975870 1058
1976488 1059
1976928 1060
1977695 1061
1978103 1062
1978951 1063
1980218 1064
1980978 1065
1980997 1066
1982209 1067
1982220 1068
1982529 1069
1983214 1070
1983968 1071
1984442 1072
1985098 1073
1987252 1074
1987324 1075
1987461 1076
1987595 1077
1988283 1078
1989131 1079
1989237 1080
1990574 1081
1990740 1082
1991073 1083
1991216 1084
1991742 1085
1993461 1086
1993554 1087
1993748 1088
1994154 1089
1994167 1090
1994179 1091
1994415 1092
1996331 1093
1996517 1094
1996870 1095
1997208 1096
1997650 1097
1997689 1098
1997824 1099
1998192 1100
1998532 1101
1998955 1102
1999192 1103
1999283 1104
1999460 1105
1999814 1106
2000193 1107
2001073 1108
2001667 1109
2001920 1110
2002967 1111
2003813 1112
2003904 1113
2004334 1114
2004461 1115
2004495 1116
2004515 1117
2004607 1118
2005690 1119
2006820 1120
2007092 1121
2007194 1122
2007434 1123
2007806 1124
2008361 1125
2008498 1126
2008521 1127
2008727 1128
2008861 1129
2009202 1130
2009455 1131
2009948 1132
2010205 1133
2010367 1134
2010552 1135
2012260 1136
2012353 1137
2012397 1138
2013270 1139
2015524 1140
2015722 1141
2016582 1142
2017200 1143
2017587 1144
2017660 1145
2019470 1146
2019569 1147
2019716 1148
2021674 1149
2022083 1150
2022328 1151
2022407 1152
2023759 1153
2023772 1154
2024761 1155
2025017 1156
2025378 1157
2025618 1158
2025894 1159
2026108 1160
2026183 1161
2026185 1162
2026503 1163
2028557 1164
2028772 1165
2028776 1166
2029595 1167
2029695 1168
2029745 1169
2030532 1170
2030764 1171
2030953 1172
2031194 1173
2031211 1174
2032503 1175
2032767 1176
2032860 1177
2033876 1178
2034225 1179
2034348 1180
2034667 1181
2035542 1182
2037908 1183
2039086 1184
2039986 1185
2041861 1186
2042017 1187
2043051 1188
2043680 1189
2043871 1190
2044116 1191
2044279 1192
2044512 1193
2044722 1194
2044998 1195
2045136 1196
2045164 1197
2045386 1198
2045883 1199
2046852 1200
2047480 1201
2047599 1202
2048076 1203
2048369 1204
2049225 1205
2049340 1206
2049459 1207
2049650 1208
2049922 1209
2050280 1210
2050659 1211
2052495 1212
2052910 1213
2053184 1214
2053193 1215
2053200 1216
2053520 1217
2053707 1218
2053938 1219
2054380 1220
2054712 1221
2055506 1222
2056338 1223
2056813 1224
2057046 1225
2058665 1226
2058747 1227
2058869 1228
2059033 1229
2060379 1230
2060955 1231
2061799 1232
2062854 1233
2063130 1234
2063516 1235
2064396 1236
2064867 1237
2064962 1238
2065211 1239
2065719 1240
2066667 1241
2067371 1242
2067399 1243
2067988 1244
2068274 1245
2068834 1246
2069065 1247
2069120 1248
2070050 1249
2070537 1250
2070955 1251
2073904 1252
2074173 1253
2074696 1254
2074807 1255
2075989 1256
2076348 1257
2076756 1258
2077997 1259
2078105 1260
2079621 1261
2080227 1262
2080440 1263
2080651 1264
2081040 1265
2081108 1266
2081383 1267
2082279 1268
2082943 1269
2083580 1270
2083834 1271
2084014 1272
2084347 1273
2084389 1274
2084948 1275
2087105 1276
2089870 1277
2090244 1278
2090315 1279
2090533 1280
2091363 1281
2092002 1282
2092283 1283
2092515 1284
2093200 1285
2093555 1286
2093732 1287
2093794 1288
2094021 1289
2094158 1290
2094722 1291
2095117 1292
2095936 1293
2096199 1294
2096587 1295
2096884 1296
2097180 1297
2097339 1298
2099230 1299
2100722 1300
2101611 1301
2101923 1302
2102001 1303
2102293 1304
2102476 1305
2102565 1306
2103369 1307
2104080 1308
2104262 1309
2105394 1310
2105788 1311
2107288 1312
2107324 1313
2107705 1314
2107933 1315
2108068 1316
2108098 1317
2108810 1318
2109710 1319
2110555 1320
2111104 1321
2111772 1322
2112339 1323
2112681 1324
2112725 1325
2113958 1326
2113961 1327
2114683 1328
2114708 1329
2115143 1330
2115349 1331
2115404 1332
2116171 1333
2116394 1334
2116414 1335
2116485 1336
2117305 1337
2117618 1338
2117667 1339
2117725 1340
2119277 1341
2119311 1342
2119434 1343
2119773 1344
2119837 1345
2119852 1346
2120041 1347
2120865 1348
2120938 1349
2121067 1350
2121219 1351
2121252 1352
2122294 1353
2123388 1354
2124086 1355
2124247 1356
2124798 1357
2125187 1358
2125550 1359
2126292 1360
2129300 1361
2129342 1362
2130232 1363
2130564 1364
2131507 1365
2131944 1366
2132068 1367
2132369 1368
2132885 1369
2133662 1370
2133869 1371
2134412 1372
2134774 1373
2136193 1374
2136328 1375
2136701 1376
2137087 1377
2137116 1378
2137502 1379
2137915 1380
2139378 1381
2140148 1382
2140305 1383
2141573 1384
2141784 1385
2142138 1386
2142879 1387
2143550 1388
2143599 1389
2144060 1390
2146468 1391
2147361 1392
2147420 1393
2147629 1394
2148950 1395
2149022 1396
2149743 1397
2150662 1398
2150806 1399
2150907 1400
2152536 1401
2154031 1402
2154558 1403
2155197 1404
2155612 1405
2156483 1406
2156632 1407
2157537 1408
2158453 1409
2159278 1410
2159439 1411
2159532 1412
2160026 1413
2160410 1414
2160821 1415
2161862 1416
2162376 1417
2162720 1418
2163203 1419
2163810 1420
2164946 1421
2165428 1422
2165906 1423
2167040 1424
2168285 1425
2168802 1426
2169310 1427
2169829 1428
2171217 1429
2174424 1430
2174795 1431
2176519 1432
2177033 1433
2177612 1434
2177695 1435
2177761 1436
2178091 1437
2178241 1438
2178736 1439
2179060 1440
2179068 1441
2179288 1442
2179768 1443
2179793 1444
2179796 1445
2179960 1446
2180076 1447
2181629 1448
2181803 1449
2181959 1450
2183183 1451
2183815 1452
2184038 1453
2184196 1454
2184285 1455
2184455 1456
2184679 1457
2184958 1458
2185185 1459
2186148 1460
2186975 1461
2189021 1462
2189290 1463
2189330 1464
2189493 1465
2189837 1466
2190030 1467
2190246 1468
2190420 1469
2191816 1470
2192009 1471
2192407 1472
2192488 1473
2193773 1474
2193852 1475
2194250 1476
2194435 1477
2194688 1478
2194865 1479
2195027 1480
2195077 1481
2195220 1482
2195367 1483
2195388 1484
2196025 1485
2196051 1486
2196400 1487
2198257 1488
2198883 1489
2199136 1490
2199183 1491
2200374 1492
2201885 1493
2202266 1494
2202693 1495
2203168 1496
2203443 1497
2204028 1498
2205000 1499
2205516 1500
2205807 1501
2206571 1502
2208105 1503
2210419 1504
2210888 1505
2210894 1506
2211036 1507
2211185 1508
2211906 1509
2212230 1510
2212598 1511
2212750 1512
2212993 1513
2213056 1514
2213260 1515
2213813 1516
2213993 1517
2215248 1518
2218676 1519
2218713 1520
2218731 1521
2220639 1522
2220675 1523
2221338 1524
2221441 1525
2221548 1526
2221710 1527
2222203 1528
2222565 1529
2223012 1530
2223992 1531
2225094 1532
2226441 1533
2227418 1534
2227772 1535
2227919 1536
2228151 1537
2228327 1538
2229769 1539
2231142 1540
2231617 1541
2232981 1542
2233459 1543
2233622 1544
2233668 1545
2234515 1546
2234896 1547
2235077 1548
2235195 1549
2235439 1550
2235672 1551
2235770 1552
2236238 1553
2236300 1554
2237043 1555
2237071 1556
2237113 1557
2237234 1558
2237286 1559
2237336 1560
2237350 1561
2237619 1562
2238040 1563
2238359 1564
2238783 1565
2239012 1566
2239457 1567
2240397 1568
2240525 1569
2240718 1570
2240848 1571
2241030 1572
2241821 1573
2242021 1574
2243594 1575
2244420 1576
2244439 1577
2244470 1578
2244602 1579
2244831 1580
2247036 1581
2247129 1582
2247440 1583
2247753 1584
2249597 1585
2250192 1586
2250926 1587
2251672 1588
2251754 1589
2252781 1590
2253034 1591
2253269 1592
2253301 1593
2253834 1594
2254056 1595
2254333 1596
2254984 1597
2255086 1598
2255438 1599
2255710 1600
2256402 1601
2256631 1602
2256915 1603
2257413 1604
2257764 1605
2259361 1606
2259882 1607
2260644 1608
2260751 1609
2260855 1610
2262026 1611
2262039 1612
2262382 1613
2263013 1614
2263194 1615
2263235 1616
2263476 1617
2263850 1618
2264572 1619
2265471 1620
2266344 1621
2266948 1622
2267143 1623
2267414 1624
2267661 1625
2267668 1626
2268249 1627
2268446 1628
2268618 1629
2268640 1630
2269285 1631
2269389 1632
2270270 1633
2272074 1634
2272248 1635
2272358 1636
2272543 1637
2272958 1638
2273119 1639
2273309 1640
2274867 1641
2275528 1642
2276182 1643
2276993 1644
2277103 1645
2277407 1646
2278159 1647
2279193 1648
2279197 1649
2279611 1650
2280680 1651
2280861 1652
2281094 1653
2281676 1654
2282162 1655
2282277 1656
2282507 1657
2282762 1658
2282935 1659
2283690 1660
2283728 1661
2283752 1662
2284819 1663
2285150 1664
2286688 1665
2286810 1666
2287327 1667
2287557 1668
2287629 1669
2287806 1670
2288540 1671
2289357 1672
2289872 1673
2290077 1674
2290761 1675
2291396 1676
2291706 1677
2292043 1678
2292376 1679
2293872 1680
2294156 1681
2294245 1682
2294456 1683
2294837 1684
2295227 1685
2295473 1686
2296107 1687
2297402 1688
2297836 1689
2298056 1690
2299371 1691
2300305 1692
2301870 1693
2302633 1694
2302904 1695
2303000 1696
2303649 1697
2303747 1698
2303829 1699
2304743 1700
2304962 1701
2305519 1702
2305994 1703
2306650 1704
2307972 1705
2310074 1706
2311825 1707
2313213 1708
2314166 1709
2314332 1710
2314525 1711
2316824 1712
2317134 1713
2317400 1714
2317595 1715
2317623 1716
2318572 1717
2318832 1718
2319871 1719
2321144 1720
2321211 1721
2321302 1722
2322572 1723
2322728 1724
2322932 1725
2323229 1726
2323617 1727
2324446 1728
2324932 1729
2325003 1730
2325092 1731
2325098 1732
2325365 1733
2325722 1734
2326422 1735
2326475 1736
2326492 1737
2327752 1738
2328309 1739
2329070 1740
2329421 1741
2329768 1742
2330091 1743
2330323 1744
2331235 1745
2331542 1746
2332200 1747
2333145 1748
2334058 1749
2334224 1750
2334491 1751
2337016 1752
2337317 1753
2338030 1754
2338185 1755
2339758 1756
2340111 1757
2340624 1758
2340677 1759
2340703 1760
2341145 1761
2343143 1762
2343294 1763
2344014 1764
2344170 1765
2344249 1766
2344876 1767
2345970 1768
2346306 1769
2346309 1770
2347344 1771
2347417 1772
2350004 1773
2350721 1774
2351857 1775
2352195 1776
2352410 1777
2353043 1778
2353179 1779
2354358 1780
2354695 1781
2354929 1782
2355232 1783
2355586 1784
2356161 1785
2357595 1786
2357985 1787
2359737 1788
2359866 1789
2360367 1790
2360386 1791
2360422 1792
2360467 1793
2361515 1794
2361585 1795
2362368 1796
2363269 1797
2363357 1798
2364373 1799
2365072 1800
2366518 1801
2367232 1802
2367710 1803
2368290 1804
2369276 1805
2369370 1806
2369476 1807
2370356 1808
2370763 1809
2370985 1810
2371049 1811
2371053 1812
2372311 1813
2374220 1814
2374553 1815
2375904 1816
2376125 1817
2376950 1818
2377718 1819
2378831 1820
2378936 1821
2379647 1822
2379895 1823
2381152 1824
2381432 1825
2382942 1826
2383422 1827
2385576 1828
2386315 1829
2386319 1830
2386812 1831
2386871 1832
2389364 1833
2390432 1834
2390448 1835
2390450 1836
2390664 1837
2390704 1838
2390765 1839
2390859 1840
2391796 1841
2393258 1842
2393825 1843
2394279 1844
2394320 1845
2394766 1846
2394895 1847
2395112 1848
2395634 1849
2395664 1850
2395746 1851
2397091 1852
2398946 1853
2399062 1854
2399200 1855
2399579 1856
2400498 1857
2401113 1858
2401361 1859
2402306 1860
2402416 1861
2402578 1862
2402656 1863
2403303 1864
2403405 1865
2403718 1866
2403735 1867
2403874 1868
2404287 1869
2404394 1870
2404512 1871
2404528 1872
2405773 1873
2406117 1874
2406127 1875
2406724 1876
2406731 1877
2406787 1878
2407378 1879
2407925 1880
2408056 1881
2408590 1882
2409697 1883
2409941 1884
2410018 1885
2411956 1886
2412063 1887
2413162 1888
2414451 1889
2415511 1890
2415640 1891
2416084 1892
2417476 1893
2417628 1894
2417771 1895
2419518 1896
2419529 1897
2419719 1898
2421463 1899
2422012 1900
2422103 1901
2422475 1902
2422849 1903
2423586 1904
2423825 1905
2423869 1906
2423896 1907
2425264 1908
2425506 1909
2425519 1910
2425688 1911
2426221 1912
2426455 1913
2426743 1914
2427003 1915
2427067 1916
2427074 1917
2428631 1918
2428789 1919
2429167 1920
2429307 1921
2429334 1922
2430109 1923
2430539 1924
2430819 1925
2430924 1926
2431054 1927
2431268 1928
2431426 1929
2431758 1930
2432645 1931
2432908 1932
2433126 1933
2433593 1934
2434332 1935
2434631 1936
2436496 1937
2436982 1938
2437272 1939
2438086 1940
2438143 1941
2438321 1942
2438376 1943
2438783 1944
2439431 1945
2439856 1946
2441291 1947
2441520 1948
2441687 1949
2442173 1950
2442644 1951
2442793 1952
2443121 1953
2444035 1954
2444467 1955
2444935 1956
2445373 1957
2445524 1958
2446647 1959
2447554 1960
2447952 1961
2448329 1962
2449300 1963
2449980 1964
2450644 1965
2451274 1966
2452087 1967
2454037 1968
2454092 1969
2455056 1970
2455137 1971
2455182 1972
2455862 1973
2456172 1974
2456269 1975
2456361 1976
2456777 1977
2457123 1978
2458152 1979
2458746 1980
2458951 1981
2459064 1982
2459892 1983
2462955 1984
2463689 1985
2464712 1986
2464961 1987
2465048 1988
2465652 1989
2466111 1990
2466229 1991
2466361 1992
2466392 1993
2467136 1994
2467201 1995
2467327 1996
2467575 1997
2468643 1998
2468857 1999
2469017 2000
2469174 2001
2469691 2002
2469930 2003
2469974 2004
2470547 2005
2470989 2006
2471600 2007
2472365 2008
2473526 2009
2473913 2010
2474029 2011
2474247 2012
2474487 2013
2474563 2014
2475718 2015
2476549 2016
2477024 2017
2477254 2018
2477735 2019
2477935 2020
2478145 2021
2478472 2022
2478496 2023
2478779 2024
2479749 2025
2480350 2026
2481326 2027
2481974 2028
2483264 2029
2483580 2030
2484215 2031
2484425 2032
2484681 2033
2484761 2034
2484875 2035
2484933 2036
2485080 2037
2486226 2038
2486543 2039
2486650 2040
2487113 2041
2487610 2042
2488623 2043
2489029 2044
2489199 2045
2489269 2046
2490880 2047
2491551 2048
2491634 2049
2491757 2050
2491977 2051
2492693 2052
2493450 2053
2494172 2054
2494505 2055
2494891 2056
2495481 2057
2497747 2058
2498784 2059
2498918 2060
2500423 2061
2500548 2062
2501338 2063
2501865 2064
2502288 2065
2503236 2066
2503595 2067
2503876 2068
2504469 2069
2504765 2070
2504852 2071
2506341 2072
2506498 2073
2507085 2074
2507090 2075
2507759 2076
2508166 2077
2508675 2078
2510433 2079
2511492 2080
2511738 2081
2512975 2082
2513239 2083
2514550 2084
2515936 2085
2516132 2086
2516385 2087
2516679 2088
2517039 2089
2517141 2090
2517314 2091
2517341 2092
2517519 2093
2518354 2094
2518704 2095
2518883 2096
2518925 2097
2518938 2098
2519152 2099
2519880 2100
2521224 2101
2521478 2102
2521540 2103
2521629 2104
2521885 2105
2522442 2106
2523077 2107
2524460 2108
2524518 2109
2524704 2110
2525322 2111
2525773 2112
2525905 2113
2526387 2114
2526419 2115
2527304 2116
2528003 2117
2528117 2118
2528192 2119
2528628 2120
2528928 2121
2529034 2122
2529869 2123
2530791 2124
2530988 2125
2532838 2126
2533466 2127
2534302 2128
2535574 2129
2536817 2130
2537675 2131
2537783 2132
2537940 2133
2538493 2134
2538879 2135
2539243 2136
2539629 2137
2539793 2138
2539909 2139
2540371 2140
2540706 2141
2541091 2142
2541260 2143
2541313 2144
2541530 2145
2541644 2146
2542572 2147
2542753 2148
2543607 2149
2544241 2150
2545265 2151
2545430 2152
2545766 2153
2545814 2154
2548265 2155
2548509 2156
2549374 2157
2549913 2158
2550940 2159
2551392 2160
2551565 2161
2552010 2162
2552212 2163
2553779 2164
2554279 2165
2554312 2166
2554393 2167
2554543 2168
2554962 2169
2556546 2170
2556794 2171
2556915 2172
2557052 2173
2557992 2174
2558700 2175
2560091 2176
2560161 2177
2561388 2178
2561409 2179
2561956 2180
2563456 2181
2563523 2182
2564266 2183
2565540 2184
2565620 2185
2566294 2186
2566632 2187
2567759 2188
2568085 2189
2568630 2190
2569680 2191
2569821 2192
2570811 2193
2571259 2194
2571420 2195
2572009 2196
2572588 2197
2573218 2198
2573511 2199
2573678 2200
2573897 2201
2573938 2202
2574729 2203
2574841 2204
2575479 2205
2575702 2206
2577740 2207
2577872 2208
2578241 2209
2578530 2210
2578712 2211
2578752 2212
2578904 2213
2578935 2214
2579157 2215
2579208 2216
2580400 2217
2580455 2218
2580929 2219
2581114 2220
2582791 2221
2583099 2222
2583113 2223
2585014 2224
2585067 2225
2585813 2226
2586118 2227
2586474 2228
2586783 2229
2588048 2230
2588611 2231
2589575 2232
2589627 2233
2589844 2234
2590551 2235
2591387 2236
2591450 2237
2591576 2238
2591773 2239
2591940 2240
2592271 2241
2592274 2242
2592297 2243
2592417 2244
2592553 2245
2593305 2246
2594949 2247
2596365 2248
2596435 2249
2596440 2250
2596453 2251
2596683 2252
2597937 2253
2598448 2254
2598585 2255
2600185 2256
2600261 2257
2600477 2258
2600660 2259
2600736 2260
2601066 2261
2601282 2262
2601588 2263
2601871 2264
2602627 2265
2602869 2266
2603154 2267
2603303 2268
2603356 2269
2603595 2270
2603722 2271
2605576 2272
2605829 2273
2606523 2274
2606970 2275
2607277 2276
2607297 2277
2607645 2278
2608055 2279
2608476 2280
2608496 2281
2609226 2282
2609746 2283
2610184 2284
2610527 2285
2611015 2286
2611145 2287
2612007 2288
2613125 2289
2613635 2290
2614232 2291
2615083 2292
2615435 2293
2615503 2294
2615999 2295
2616111 2296
2616126 2297
2616322 2298
2617255 2299
2617862 2300
2618117 2301
2619486 2302
2619721 2303
2619840 2304
2620911 2305
2621506 2306
2621731 2307
2622587 2308
2622923 2309
2623199 2310
2623585 2311
2624525 2312
2625662 2313
2626193 2314
2626195 2315
2626879 2316
2627025 2317
2627211 2318
2628845 2319
2628983 2320
2629238 2321
2629315 2322
2629567 2323
2630441 2324
2630834 2325
2630873 2326
2631119 2327
2631222 2328
2631719 2329
2631864 2330
2632670 2331
2633224 2332
2633649 2333
2633826 2334
2633836 2335
2635389 2336
2636310 2337
2636421 2338
2636542 2339
2636763 2340
2636868 2341
2637088 2342
2637719 2343
2638458 2344
2639116 2345
2639117 2346
2641544 2347
2641640 2348
2642105 2349
2642213 2350
2642228 2351
2642390 2352
2642594 2353
2644196 2354
2644416 2355
2644569 2356
2644583 2357
2645158 2358
2646387 2359
2646401 2360
2646772 2361
2648179 2362
2648543 2363
2648552 2364
2648879 2365
2649942 2366
2650154 2367
2650346 2368
2650545 2369
2651135 2370
2651704 2371
2652046 2372
2652792 2373
2653668 2374
2653891 2375
2654757 2376
2655501 2377
2655549 2378
2657245 2379
2657616 2380
2658014 2381
2658124 2382
2658236 2383
2658313 2384
2658673 2385
2658756 2386
2661178 2387
2662441 2388
2662788 2389
2663746 2390
2663843 2391
2664213 2392
2664410 2393
2664753 2394
2664843 2395
2665658 2396
2666806 2397
2666880 2398
2667141 2399
2667475 2400
2667729 2401
2668198 2402
2668692 2403
2668814 2404
2669364 2405
2669549 2406
2669828 2407
2670294 2408
2670802 2409
2671206 2410
2671472 2411
2672015 2412
2672050 2413
2672344 2414
2672670 2415
2672711 2416
2674245 2417
2674629 2418
2674689 2419
2675071 2420
2676762 2421
2676957 2422
2677225 2423
2677477 2424
2677528 2425
2678092 2426
2678152 2427
2678198 2428
2678240 2429
2678298 2430
2678556 2431
2679224 2432
2680465 2433
2680653 2434
2681205 2435
2681817 2436
2681834 2437
2682157 2438
2682284 2439
2683002 2440
2683871 2441
2684026 2442
2684751 2443
2685333 2444
2685943 2445
2686186 2446
2686984 2447
2687108 2448
2687119 2449
2688417 2450
2689074 2451
2689499 2452
2689987 2453
2690526 2454
2690913 2455
2691039 2456
2691702 2457
2691743 2458
2692411 2459
2692505 2460
2692522 2461
2693665 2462
2694198 2463
2694491 2464
2694724 2465
2694897 2466
2696526 2467
2696575 2468
2696921 2469
2696937 2470
2697525 2471
2698220 2472
2698712 2473
2698724 2474
2699179 2475
2700597 2476
2700626 2477
2700665 2478
2700745 2479
2702174 2480
2702179 2481
2702255 2482
2702471 2483
2703561 2484
2703750 2485
2704438 2486
2704609 2487
2705063 2488
2705240 2489
2706534 2490
2706714 2491
2706821 2492
2706934 2493
2706975 2494
2708341 2495
2708479 2496
2708695 2497
2708717 2498
2708772 2499
2709137 2500
2709677 2501
2710996 2502
2711867 2503
2711983 2504
2712631 2505
2713613 2506
2713664 2507
2713764 2508
2714528 2509
2714604 2510
2714652 2511
2714867 2512
2715290 2513
2716054 2514
2717753 2515
2718025 2516
2718767 2517
2719336 2518
2719872 2519
2720377 2520
2720388 2521
2720448 2522
2720564 2523
2721008 2524
2721347 2525
2721361 2526
2721731 2527
2721784 2528
2722273 2529
2722606 2530
2723954 2531
2725170 2532
2726131 2533
2726158 2534
2726352 2535
2726609 2536
2727708 2537
2727871 2538
2727927 2539
2727936 2540
2728444 2541
2729731 2542
2729858 2543
2731362 2544
2732910 2545
2733076 2546
2734454 2547
2735334 2548
2735738 2549
2735850 2550
2736131 2551
2736283 2552
2736740 2553
2736998 2554
2737063 2555
2737906 2556
2738017 2557
2738483 2558
2739345 2559
2739404 2560
2740195 2561
2740221 2562
2740235 2563
2741055 2564
2741448 2565
2741471 2566
2742622 2567
2743255 2568
2743516 2569
2743853 2570
2744104 2571
2745064 2572
2745479 2573
2745824 2574
2745827 2575
2746411 2576
2746707 2577
2747189 2578
2747490 2579
2747561 2580
2747707 2581
2747918 2582
2748325 2583
2748672 2584
2749768 2585
2749921 2586
2751019 2587
2751223 2588
2751372 2589
2751388 2590
2751389 2591
2751714 2592
2752146 2593
2752328 2594
2752796 2595
2753392 2596
2753492 2597
2753991 2598
2754176 2599
2755681 2600
2755690 2601
2755873 2602
2756168 2603
2756238 2604
2756559 2605
2756841 2606
2756878 2607
2757858 2608
2757925 2609
2758283 2610
2759231 2611
2759827 2612
2759847 2613
2759972 2614
2759998 2615
2760166 2616
2760490 2617
2760538 2618
2760601 2619
2760799 2620
2760885 2621
2760913 2622
2761418 2623
2761920 2624
2762235 2625
2762517 2626
2762716 2627
2762717 2628
2762960 2629
2763702 2630
2764114 2631
2764160 2632
2764220 2633
2764301 2634
2765323 2635
2765440 2636
2765906 2637
2767065 2638
2767848 2639
2768515 2640
2768755 2641
2768785 2642
2768961 2643
2769250 2644
2769501 2645
2769567 2646
2769842 2647
2770513 2648
2770735 2649
2771179 2650
2771609 2651
2771817 2652
2772803 2653
2772999 2654
2773301 2655
2773553 2656
2774618 2657
2774657 2658
2774761 2659
2775985 2660
2776202 2661
2776421 2662
2778457 2663
2779272 2664
2779661 2665
2779814 2666
2779904 2667
2781011 2668
2781991 2669
2782236 2670
2782550 2671
2782630 2672
2783092 2673
2783417 2674
2783985 2675
2784946 2676
2786606 2677
2786686 2678
2787051 2679
2787112 2680
2787345 2681
2787419 2682
2787551 2683
2787579 2684
2787793 2685
2788192 2686
2788469 2687
2789820 2688
2790029 2689
2790259 2690
2791099 2691
2792837 2692
2793040 2693
2793373 2694
2793741 2695
2793911 2696
2793958 2697
2794268 2698
2794556 2699
2796098 2700
2796341 2701
2796635 2702
2796756 2703
2796945 2704
2797242 2705
2797470 2706
2797789 2707
2797968 2708
2798770 2709
2798920 2710
2799527 2711
2799897 2712
2800318 2713
2800445 2714
2801061 2715
2801799 2716
2801891 2717
2802955 2718
2803076 2719
2803321 2720
2803636 2721
2803880 2722
2803941 2723
2804010 2724
2804233 2725
2804729 2726
2805251 2727
2805917 2728
2806151 2729
2806366 2730
2806774 2731
2807441 2732
2808232 2733
2808239 2734
2808492 2735
2808647 2736
2809544 2737
2810526 2738
2810742 2739
2810865 2740
2811232 2741
2811341 2742
2811394 2743
2811558 2744
2812448 2745
2814139 2746
2814528 2747
2815012 2748
2815107 2749
2815485 2750
2816213 2751
2817156 2752
2817384 2753
2818004 2754
2818008 2755
2818098 2756
2818738 2757
2820911 2758
2820978 2759
2824055 2760
2824811 2761
2826018 2762
2826761 2763
2827215 2764
2827991 2765
2828072 2766
2829092 2767
2829118 2768
2829231 2769
2829588 2770
2829757 2771
2829984 2772
2830028 2773
2830447 2774
2831444 2775
2831522 2776
2831539 2777
2831788 2778
2832186 2779
2832221 2780
2833224 2781
2833492 2782
2833514 2783
2833787 2784
2834205 2785
2834331 2786
2834393 2787
2835509 2788
2836805 2789
2837099 2790
2837367 2791
2837803 2792
2838253 2793
2838871 2794
2838886 2795
2838908 2796
2839058 2797
2839170 2798
2840290 2799
2840567 2800
2840643 2801
2840679 2802
2840718 2803
2841200 2804
2843169 2805
2843536 2806
2843639 2807
2845949 2808
2846115 2809
2846715 2810
2846720 2811
2846781 2812
2847073 2813
2847236 2814
2847712 2815
2847941 2816
2848211 2817
2848261 2818
2848513 2819
2850172 2820
2850232 2821
2850257 2822
2852158 2823
2852660 2824
2853069 2825
2853131 2826
2853784 2827
2853947 2828
2853949 2829
2853979 2830
2854004 2831
2854671 2832
2855538 2833
2856662 2834
2858155 2835
2860533 2836
2860707 2837
2860845 2838
2861747 2839
2862081 2840
2863624 2841
2865083 2842
2865451 2843
2865780 2844
2866130 2845
2866847 2846
2867907 2847
2868063 2848
2868111 2849
2868838 2850
2869054 2851
2869128 2852
2870578 2853
2872232 2854
2872445 2855
2872794 2856
2873419 2857
2873506 2858
2874844 2859
2875581 2860
2876173 2861
2876538 2862
2877292 2863
2877700 2864
2879107 2865
2879111 2866
2879277 2867
2879440 2868
2879511 2869
2881286 2870
2881550 2871
2881904 2872
2881914 2873
2882326 2874
2882368 2875
2883429 2876
2883918 2877
2884290 2878
2884761 2879
2884927 2880
2885720 2881
2885879 2882
2885894 2883
2886581 2884
2886649 2885
2886800 2886
2887096 2887
2887699 2888
2887927 2889
2888594 2890
2888789 2891
2888796 2892
2889705 2893
2890041 2894
2890803 2895
2891903 2896
2892377 2897
2892617 2898
2892785 2899
2893084 2900
2893087 2901
2895767 2902
2896796 2903
2896988 2904
2897300 2905
2897432 2906
2897530 2907
2897691 2908
2898185 2909
2898248 2910
2899070 2911
2899847 2912
2900148 2913
2901682 2914
2901875 2915
2902359 2916
2902765 2917
2903307 2918
2905124 2919
2905175 2920
2905608 2921
2905782 2922
2906506 2923
2906820 2924
2907262 2925
2908177 2926
2908376 2927
2909064 2928
2909815 2929
2910163 2930
2910454 2931
2911074 2932
2912381 2933
2913408 2934
2913538 2935
2913634 2936
2914127 2937
2914310 2938
2914669 2939
2914682 2940
2915211 2941
2915827 2942
2915871 2943
2915974 2944
2916867 2945
2917093 2946
2917170 2947
2917401 2948
2917408 2949
2918386 2950
2918537 2951
2918593 2952
2919489 2953
2919796 2954
2919946 2955
2919977 2956
2920342 2957
2920383 2958
2920965 2959
2921076 2960
2921786 2961
2921993 2962
2923520 2963
2924232 2964
2924291 2965
2924603 2966
2925214 2967
2925489 2968
2926149 2969
2926635 2970
2926819 2971
2926985 2972
2927175 2973
2927967 2974
2928498 2975
2928878 2976
2929250 2977
2931755 2978
2932273 2979
2932536 2980
2933073 2981
2933350 2982
2933359 2983
2934075 2984
2934342 2985
2934639 2986
2934708 2987
2935150 2988
2935367 2989
2936092 2990
2936128 2991
2936593 2992
2937392 2993
2937684 2994
2937720 2995
2938602 2996
2938895 2997
2939883 2998
2940939 2999
2941266 3000
2941352 3001
2942290 3002
2942391 3003
2942908 3004
2943081 3005
2943512 3006
2943812 3007
2944435 3008
2945846 3009
2946036 3010
2946238 3011
2946297 3012
2946740 3013
2947225 3014
2947478 3015
2947778 3016
2948002 3017
2948054 3018
2948063 3019
2948325 3020
2949531 3021
2950139 3022
2951421 3023
2952410 3024
2952969 3025
2953524 3026
2953746 3027
2954515 3028
2954718 3029
2955119 3030
2956057 3031
2956562 3032
2959055 3033
2959201 3034
2959455 3035
2959560 3036
2959699 3037
2959872 3038
2960326 3039
2960601 3040
2961031 3041
2961247 3042
2962105 3043
2964625 3044
2965345 3045
2965783 3046
2966996 3047
2967324 3048
2967683 3049
2967913 3050
2968107 3051
2968681 3052
2968932 3053
2969288 3054
2969946 3055
2970043 3056
2970375 3057
2970681 3058
2971143 3059
2971192 3060
2971275 3061
2971496 3062
2971696 3063
2971998 3064
2972471 3065
2972979 3066
2973140 3067
2974140 3068
2974802 3069
2975372 3070
2975671 3071
2976983 3072
2977141 3073
2977210 3074
2977275 3075
2977615 3076
2977684 3077
2978081 3078
2978744 3079
2980869 3080
2981698 3081
2982476 3082
2983805 3083
2984358 3084
2984871 3085
2985588 3086
2985616 3087
2985736 3088
2987536 3089
2987988 3090
2988168 3091
2988385 3092
2988689 3093
2989075 3094
2989217 3095
2991014 3096
2991197 3097
2991344 3098
2992411 3099
2992969 3100
2993044 3101
2993133 3102
2993699 3103
2993986 3104
2995040 3105
2995841 3106
2995928 3107
2995965 3108
2996309 3109
2997375 3110
2997425 3111
2999654 3112
2999872 3113
3000414 3114
3000640 3115
3000692 3116
3000997 3117
3003932 3118
3004704 3119
3005934 3120
3005990 3121
3006312 3122
3007148 3123
3007499 3124
3007528 3125
3008393 3126
3008914 3127
3009892 3128
3010135 3129
3010819 3130
3010966 3131
3011318 3132
3011802 3133
3012349 3134
3013710 3135
3014009 3136
3014087 3137
3014585 3138
3014793 3139
3014947 3140
3015810 3141
3016173 3142
3017253 3143
3018137 3144
3019255 3145
3019557 3146
3019596 3147
3019918 3148
3020221 3149
3020387 3150
3020412 3151
3020467 3152
3020621 3153
3021768 3154
3021914 3155
3021922 3156
3022946 3157
3023477 3158
3023526 3159
3024459 3160
3024582 3161
3025777 3162
3026392 3163
3026496 3164
3026705 3165
3027250 3166
3027300 3167
3027465 3168
3028248 3169
3029044 3170
3029886 3171
3030392 3172
3030824 3173
3032087 3174
3032524 3175
3032766 3176
3032965 3177
3033733 3178
3033973 3179
3034625 3180
3035314 3181
3035974 3182
3036693 3183
3036926 3184
3037108 3185
3037310 3186
3037698 3187
3038585 3188
3038608 3189
3038985 3190
3039151 3191
3039698 3192
3040052 3193
3040997 3194
3042614 3195
3042775 3196
3043510 3197
3043818 3198
3044544 3199
3045851 3200
3046282 3201
3046467 3202
3047770 3203
3048752 3204
3049310 3205
3051055 3206
3051168 3207
3051323 3208
3051602 3209
3051622 3210
3052140 3211
3052641 3212
3052836 3213
3053271 3214
3053359 3215
3053970 3216
3054780 3217
3054845 3218
3056237 3219
3058671 3220
3061657 3221
3061770 3222
3061830 3223
3061848 3224
3061889 3225
3062124 3226
3062391 3227
3062433 3228
3063212 3229
3063611 3230
3064099 3231
3064663 3232
3064728 3233
3065661 3234
3066194 3235
3066220 3236
3066376 3237
3067024 3238
3067979 3239
3068226 3240
3068555 3241
3069363 3242
3070908 3243
3072267 3244
3072708 3245
3073217 3246
3073351 3247
3073370 3248
3075087 3249
3075254 3250
3076464 3251
3078317 3252
3078721 3253
3079486 3254
3079617 3255
3079897 3256
3080100 3257
3080728 3258
3080788 3259
3080830 3260
3082051 3261
3082861 3262
3083847 3263
3084031 3264
3084621 3265
3085118 3266
3086269 3267
3086593 3268
3087765 3269
3088236 3270
3088361 3271
3088601 3272
3089840 3273
3090111 3274
3091459 3275
3092129 3276
3092519 3277
3093401 3278
3094276 3279
3094427 3280
3094429 3281
3094787 3282
3094859 3283
3095589 3284
3096531 3285
3097298 3286
3098815 3287
3100092 3288
3100314 3289
3100328 3290
3100755 3291
3101036 3292
3101405 3293
3101466 3294
3101495 3295
3101735 3296
3102352 3297
3102735 3298
3103325 3299
3104679 3300
3105680 3301
3106064 3302
3106260 3303
3107107 3304
3107108 3305
3107235 3306
3107531 3307
3110110 3308
3110698 3309
3110786 3310
3111266 3311
3111325 3312
3112671 3313
3112746 3314
3112771 3315
3112882 3316
3113729 3317
3114565 3318
3115561 3319
3116539 3320
3117184 3321
3117312 3322
3117663 3323
3117737 3324
3118150 3325
3118787 3326
3120689 3327
3121940 3328
3122630 3329
3123081 3330
3123636 3331
3124323 3332
3124714 3333
3125073 3334
3125083 3335
3125356 3336
3125588 3337
3126851 3338
3127440 3339
3127893 3340
3128612 3341
3128700 3342
3129036 3343
3129122 3344
3129944 3345
3130860 3346
3131198 3347
3131306 3348
3131339 3349
3133251 3350
3134273 3351
3135367 3352
3135413 3353
3136043 3354
3136322 3355
3136927 3356
3137323 3357
3137697 3358
3137912 3359
3138585 3360
3138887 3361
3138994 3362
3139180 3363
3140372 3364
3141447 3365
3141546 3366
3141762 3367
3142109 3368
3142444 3369
3143086 3370
3144831 3371
3146136 3372
3147080 3373
3147498 3374
3148586 3375
3148888 3376
3149025 3377
3149513 3378
3150112 3379
3150568 3380
3151089 3381
3151701 3382
3151807 3383
3152314 3384
3152446 3385
3152449 3386
3152867 3387
3154166 3388
3155095 3389
3155239 3390
3155539 3391
3155857 3392
3155930 3393
3157006 3394
3157124 3395
3158326 3396
3159415 3397
3159466 3398
3159652 3399
3160415 3400
3160581 3401
3160885 3402
3160947 3403
3161418 3404
3162016 3405
3162438 3406
3162791 3407
3163922 3408
3164898 3409
3165496 3410
3166417 3411
3167238 3412
3167322 3413
3167354 3414
3168273 3415
3168694 3416
3169190 3417
3170092 3418
3170776 3419
3171390 3420
3171830 3421
3172345 3422
3172943 3423
3173106 3424
3174404 3425
3175902 3426
3176399 3427
3178209 3428
3178307 3429
3178697 3430
3178712 3431
3178996 3432
3180013 3433
3180921 3434
3181434 3435
3181583 3436
3181986 3437
3182663 3438
3182766 3439
3184513 3440
3184971 3441
3185302 3442
3185465 3443
3185755 3444
3185891 3445
3185919 3446
3186145 3447
3186183 3448
3186331 3449
3187168 3450
3187311 3451
3187396 3452
3187552 3453
3187689 3454
3187726 3455
3188635 3456
3188745 3457
3189052 3458
3189093 3459
3189098 3460
3189732 3461
3189886 3462
3190177 3463
3190313 3464
3190954 3465
3191396 3466
3192518 3467
3192670 3468
3193053 3469
3193979 3470
3195140 3471
3195653 3472
3195849 3473
3196273 3474
3197076 3475
3197147 3476
3197516 3477
3197626 3478
3197865 3479
3199381 3480
3201101 3481
3201106 3482
3201457 3483
3201625 3484
3201826 3485
3201989 3486
3202952 3487
3203507 3488
3203513 3489
3203872 3490
3204181 3491
3204428 3492
3204553 3493
3204787 3494
3204893 3495
3205095 3496
3205299 3497
3205985 3498
3206056 3499
3206851 3500
3207071 3501
3208017 3502
3208191 3503
3208321 3504
3208633 3505
3208719 3506
3209038 3507
3209495 3508
3209970 3509
3210993 3510
3212768 3511
3213062 3512
3213951 3513
3213976 3514
3214076 3515
3214589 3516
3214652 3517
3215049 3518
3215355 3519
3215431 3520
3215520 3521
3216834 3522
3217091 3523
3217124 3524
3217955 3525
3218686 3526
3218711 3527
3218779 3528
3218889 3529
3219079 3530
3219661 3531
3219842 3532
3219903 3533
3220828 3534
3222566 3535
3222630 3536
3222696 3537
3223090 3538
3223798 3539
3223868 3540
3224040 3541
3224888 3542
3225571 3543
3226651 3544
3226706 3545
3226876 3546
3228004 3547
3228306 3548
3229009 3549
3229238 3550
3229426 3551
3230085 3552
3230477 3553
3230628 3554
3230726 3555
3231244 3556
3232323 3557
3233266 3558
3233365 3559
3233674 3560
3234434 3561
3234749 3562
3235209 3563
3236306 3564
3236347 3565
3236367 3566
3236463 3567
3236693 3568
3236886 3569
3236913 3570
3237656 3571
3239065 3572
3239142 3573
3239232 3574
3240484 3575
3240622 3576
3240939 3577
3241019 3578
3241503 3579
3241508 3580
3241529 3581
3242455 3582
3242611 3583
3243445 3584
3244389 3585
3245095 3586
3245550 3587
3245809 3588
3246965 3589
3247011 3590
3247015 3591
3247332 3592
3247506 3593
3248001 3594
3248013 3595
3248327 3596
3248439 3597
3248828 3598
3249650 3599
3250829 3600
3251778 3601
3253134 3602
3253406 3603
3253472 3604
3253806 3605
3254207 3606
3254629 3607
3254866 3608
3255039 3609
3255375 3610
3257277 3611
3257830 3612
3258178 3613
3259876 3614
3260135 3615
3261366 3616
3262452 3617
3262816 3618
3263742 3619
3264374 3620
3264538 3621
3265644 3622
3268675 3623
3268684 3624
3268790 3625
3269018 3626
3269285 3627
3269442 3628
3269541 3629
3269781 3630
3269823 3631
3270080 3632
3270605 3633
3271246 3634
3271289 3635
3271859 3636
3272100 3637
3272533 3638
3273847 3639
3274561 3640
3275061 3641
3275289 3642
3275988 3643
3276227 3644
3277622 3645
3277837 3646
3277842 3647
3277977 3648
3277998 3649
3278594 3650
3278849 3651
3279037 3652
3279220 3653
3280108 3654
3280608 3655
3280778 3656
3281154 3657
3281474 3658
3281510 3659
3282668 3660
3282818 3661
3282975 3662
3283740 3663
3284368 3664
3285289 3665
3286026 3666
3286097 3667
3286591 3668
3286999 3669
3287119 3670
3288322 3671
3288792 3672
3288898 3673
3289157 3674
3289179 3675
3289201 3676
3289582 3677
3290065 3678
3290166 3679
3290215 3680
3290569 3681
3290820 3682
3291456 3683
3291850 3684
3291882 3685
3291948 3686
3292165 3687
3292463 3688
3292828 3689
3293158 3690
3293542 3691
3295011 3692
3295227 3693
3295609 3694
3296048 3695
3296240 3696
3296270 3697
3296367 3698
3296440 3699
3296477 3700
3296570 3701
3297527 3702
3298977 3703
3299183 3704
3299202 3705
3299291 3706
3299410 3707
3299457 3708
3299625 3709
3299718 3710
3299928 3711
3300723 3712
3300855 3713
3302242 3714
3302842 3715
3303392 3716
3303708 3717
3304132 3718
3304627 3719
3306659 3720
3306708 3721
3306804 3722
3307015 3723
3307079 3724
3307822 3725
3307936 3726
3308102 3727
3308271 3728
3308834 3729
3309460 3730
3309561 3731
3309862 3732
3310976 3733
3311184 3734
3311785 3735
3312022 3736
3312131 3737
3312384 3738
3312755 3739
3314357 3740
3314467 3741
3314510 3742
3314582 3743
3314662 3744
3314987 3745
3315192 3746
3315380 3747
3316218 3748
3316603 3749
3316960 3750
3317119 3751
3318480 3752
3319710 3753
3320230 3754
3320456 3755
3320560 3756
3321540 3757
3322210 3758
3322997 3759
3323071 3760
3323358 3761
3323966 3762
3324521 3763
3324560 3764
3325594 3765
3326021 3766
3326237 3767
3326578 3768
3326940 3769
3327624 3770
3328421 3771
3328932 3772
3329240 3773
3329290 3774
3329596 3775
3330023 3776
3330599 3777
3331745 3778
3332171 3779
3332679 3780
3333065 3781
3334386 3782
3334549 3783
3334791 3784
3335585 3785
3336169 3786
3336304 3787
3336308 3788
3336471 3789
3336532 3790
3337226 3791
3337957 3792
3338951 3793
3339105 3794
3339884 3795
3339999 3796
3341095 3797
3341724 3798
3342396 3799
3342652 3800
3343501 3801
3343729 3802
3344505 3803
3344507 3804
3344853 3805
3344912 3806
3345072 3807
3346071 3808
3346460 3809
3347129 3810
3347385 3811
3348110 3812
3348291 3813
3348656 3814
3349025 3815
3349253 3816
3349660 3817
3351872 3818
3351936 3819
3353454 3820
3353759 3821
3354179 3822
3354266 3823
3354332 3824
3354387 3825
3354666 3826
3355052 3827
3355207 3828
3355841 3829
3355959 3830
3356416 3831
3356565 3832
3356614 3833
3356749 3834
3357346 3835
3358632 3836
3358954 3837
3359541 3838
3360670 3839
3361934 3840
3363195 3841
3363534 3842
3363589 3843
3364058 3844
3364127 3845
3364209 3846
3364419 3847
3364796 3848
3365024 3849
3365471 3850
3366559 3851
3366621 3852
3366780 3853
3367265 3854
3367682 3855
3367947 3856
3368434 3857
3368488 3858
3368659 3859
3368680 3860
3368699 3861
3368782 3862
3369362 3863
3369470 3864
3370021 3865
3370357 3866
3370861 3867
3370883 3868
3371047 3869
3371371 3870
3372387 3871
3373398 3872
3374020 3873
3374202 3874
3374412 3875
3374682 3876
3374811 3877
3375227 3878
3375381 3879
3375712 3880
3376175 3881
3377060 3882
3377220 3883
3377439 3884
3377517 3885
3378280 3886
3378928 3887
3379691 3888
3379851 3889
3380562 3890
3380690 3891
3381277 3892
3381623 3893
3381814 3894
3381944 3895
3382418 3896
3382484 3897
3382497 3898
3382884 3899
3383144 3900
3383710 3901
3384472 3902
3384746 3903
3384825 3904
3385066 3905
3385455 3906
3386350 3907
3387078 3908
3387374 3909
3387598 3910
3387771 3911
3387876 3912
3388084 3913
3388252 3914
3389333 3915
3389792 3916
3391109 3917
3391194 3918
3391695 3919
3391900 3920
3392896 3921
3393864 3922
3394918 3923
3395201 3924
3395385 3925
3397038 3926
3397495 3927
3397609 3928
3397625 3929
3398014 3930
3398406 3931
3398671 3932
3399479 3933
3400036 3934
3400808 3935
3400890 3936
3401366 3937
3402214 3938
3402316 3939
3402485 3940
3402632 3941
3402655 3942
3402897 3943
3403788 3944
3404305 3945
3405291 3946
3406705 3947
3407445 3948
3408021 3949
3408263 3950
3408330 3951
3408454 3952
3409270 3953
3409636 3954
3409692 3955
3410336 3956
3410814 3957
3410923 3958
3410979 3959
3411054 3960
3411125 3961
3411615 3962
3411986 3963
3412335 3964
3414450 3965
3415395 3966
3416021 3967
3416179 3968
3416271 3969
3416910 3970
3416940 3971
3417147 3972
3417883 3973
3417914 3974
3418084 3975
3418582 3976
3418738 3977
3418899 3978
3419146 3979
3420128 3980
3420445 3981
3421008 3982
3421622 3983
3421721 3984
3423104 3985
3423275 3986
3423573 3987
3424280 3988
3424782 3989
3425387 3990
3425487 3991
3426304 3992
3426394 3993
3426890 3994
3427042 3995
3427362 3996
3427428 3997
3427559 3998
3428106 3999
3428448 4000
3428631 4001
3429425 4002
3430056 4003
3430727 4004
3431028 4005
3431710 4006
3432045 4007
3432083 4008
3432888 4009
3433056 4010
3433388 4011
3433769 4012
3434199 4013
3434507 4014
3435349 4015
3435719 4016
3436451 4017
3439041 4018
3439242 4019
3440245 4020
3440683 4021
3441532 4022
3442739 4023
3442773 4024
3443151 4025
3443437 4026
3445079 4027
3445392 4028
3445445 4029
3445719 4030
3446022 4031
3446272 4032
3446708 4033
3446990 4034
3447215 4035
3447871 4036
3448202 4037
3448637 4038
3448906 4039
3449719 4040
3450012 4041
3450110 4042
3450699 4043
3451190 4044
3451342 4045
3451616 4046
3452642 4047
3452929 4048
3453103 4049
3453171 4050
3453174 4051
3453358 4052
3453903 4053
3454621 4054
3454634 4055
3454897 4056
3455141 4057
3455150 4058
3455248 4059
3455608 4060
3455875 4061
3456139 4062
3456202 4063
3456475 4064
3457252 4065
3457680 4066
3458721 4067
3459374 4068
3459658 4069
3459830 4070
3460444 4071
3460618 4072
3460987 4073
3461244 4074
3461471 4075
3461824 4076
3461955 4077
3462285 4078
3462762 4079
3463914 4080
3464441 4081
3464761 4082
3465049 4083
3465285 4084
3465500 4085
3466524 4086
3467261 4087
3467677 4088
3467779 4089
3468186 4090
3468243 4091
3468622 4092
3469807 4093
3470009 4094
3470432 4095
3470548 4096
3470610 4097
3471418 4098
3471679 4099
3472107 4100
3472364 4101
3473008 4102
3473115 4103
3473382 4104
3474290 4105
3475213 4106
3475662 4107
3476009 4108
3476025 4109
3478643 4110
3478786 4111
3478920 4112
3479539 4113
3479748 4114
3480192 4115
3481000 4116
3481543 4117
3481639 4118
3481833 4119
3482314 4120
3482325 4121
3482700 4122
3483041 4123
3483572 4124
3484531 4125
3484629 4126
3484634 4127
3484692 4128
3485295 4129
3485900 4130
3486048 4131
3486133 4132
3487200 4133
3487221 4134
3487269 4135
3488156 4136
3488311 4137
3489161 4138
3489269 4139
3489323 4140
3489588 4141
3489647 4142
3490139 4143
3490634 4144
3490790 4145
3491441 4146
3491800 4147
3491840 4148
3492201 4149
3492305 4150
3492574 4151
3493335 4152
3493666 4153
3493924 4154
3493931 4155
3494827 4156
3495192 4157
3495913 4158
3496376 4159
3496395 4160
3497261 4161
3497291 4162
3497560 4163
3498421 4164
3499050 4165
3499345 4166
3499796 4167
3499814 4168
3500169 4169
3500361 4170
3500962 4171
3501350 4172
3501382 4173
3501735 4174
3502101 4175
3502593 4176
3502863 4177
3502973 4178
3503045 4179
3503053 4180
3503389 4181
3504059 4182
3504891 4183
3506119 4184
3507353 4185
3508446 4186
3508894 4187
3509220 4188
3509873 4189
3509943 4190
3510725 4191
3510742 4192
3511136 4193
3511189 4194
3511664 4195
3512206 4196
3512219 4197
3512338 4198
3512416 4199
